6011.52
6024.04
6040.44
6047.2
6062.24
6064.8
6072.12
6079.64
6081.12
6082.08
6087.8
6120.08
6142.2
6160.16
6198.96
6200.2
6208.8
6209.84
6210.64
6211.52
6212.48
6213.44
6214.24
6215.12
6215.96
6216.8
6218.28
6219.2
6220.76
6222.84
6239.44
6250.0
6278.12
6281.52
6282.56
6328.72
6344.8
6345.88
6346.76
6347.56
6348.76
6369.52
6371.36
6372.44
6374.08
6375.08
6376.16
6385.92
6399.4
6400.48
6408.16
6411.72
6430.0
6492.68
6493.76
6495.16
6496.32
6513.52
6514.56
6529.72
6581.0
6582.04
6583.04
6583.88
6584.92
6586.24
6587.12
6588.16
6589.0
6589.8
6590.6
6591.68
6592.56
6593.84
6595.28
6596.44
6598.96
6602.6
6619.76
6641.2
6650.12
6666.68
6680.44
6764.24
6774.92
6775.76
6798.6
6808.4
6843.12
6844.08
6844.88
6962.12
6962.92
6963.8
6964.84
7011.24
7021.72
7062.52
7148.92
7149.8
7214.44
7217.52
7251.24
7252.28
7253.16
7254.04
7254.84
7255.76
7259.28
7285.28
7286.24
7336.56
7344.28
7551.68
7599.96
7710.24
7725.88
7914.64
8000.0
8042.36
8083.0
8083.88
8269.52
8270.32
8293.56
8373.32
8387.4
8440.96
8454.52
8455.44
8456.32
8457.44
8569.32
8578.56
8633.76
8634.64
8635.84
8636.68
8637.48
8638.36
8639.24
8640.08
8641.24
8643.48
8644.36
8645.24
8646.2
8776.16
8777.2
8817.0
8819.16
8820.12
8821.48
8822.52
8823.48
8824.28
8827.0
8828.12
8829.04
8829.96
8830.84
8832.08
8832.92
8833.76
8835.0
8836.0
8837.08
8837.92
8839.68
8848.84
8850.36
8851.36
8856.68
8891.2
9021.48
9063.8
9092.96
9127.0
9144.08
9152.36
9238.52
9239.44
9306.44
9382.76
9385.96
9525.6
9567.24
9568.2
9569.12
9600.0
9938.56
9999.0
10000.0
10059.4
10090.72
10115.36
10143.96
10308.28
10323.16
10347.24
10391.0
10501.08
10738.32
10975.48
11231.48
11237.0
11511.36
11512.24
11535.92
11540.6
11564.28
11591.56
11599.48
11617.28
11781.76
11782.68
11783.8
11784.68
11785.68
11964.32
11965.12
11966.24
11967.04
11968.08
11969.2
11970.16
11971.12
11972.04
12072.76
12073.56
12081.48
12148.88
12150.28
12151.28
12152.08
12153.12
12153.96
12154.84
12155.68
12172.92
12220.72
12226.28
12256.6
12290.0
12321.0
12407.52
12519.12
12520.12
12520.92
12902.88
13038.24
13140.16
13405.12
13432.76
13455.12
13590.32
13670.56
13704.04
13721.88
13801.28
13834.32
13972.48
14038.68
14048.6
14065.16
14083.24
14133.92
14178.32
14223.44
14426.2
14577.6
14606.36
14721.72
14861.28
14907.04
14999.12
15080.72
15084.0
15084.96
15087.56
15088.52
15089.52
15090.36
15091.16
15092.48
15100.16
15100.96
15110.68
15113.56
15173.48
15262.84
15378.48
15857.92
16284.52
16303.16
16478.16
16494.16
16636.48
16695.68
16804.56
16901.28
17270.4
17599.84
17614.08
17628.48
17760.56
17907.04
