4000.960546368511
4006.6789388467178
4009.1385076937904
4014.06091569059
4015.243731965173
4022.150201757018
4022.2463029263486
4027.665746162418
4028.9698306344512
4029.1593930808035
4029.541933253858
4030.0159768328076
4032.210571184498
4040.9318224935487
4041.019181411986
4047.458891500684
4047.5999889068776
4047.7600499502364
4048.4528522773558
4054.2944845795155
4061.077973698424
4063.0444096488454
4072.1443059184808
4074.180505214203
4074.310097115709
4081.369577703047
4081.4537087341046
4089.206148704696
4090.483491334811
4091.827445246564
4096.3851073431715
4097.590973601822
4107.667856879198
4111.042507825567
4122.423060305405
4124.052948704056
4124.8481131135
4124.981483690631
4128.339012601247
4128.576721986171
4132.153836927507
4135.66250701864
4137.284832913193
4139.017766255283
4142.377679922556
4143.484757825789
4143.789624685988
4147.881939332745
4148.150904090088
4150.384656144416
4150.512591017595
4151.206658036789
4151.767805444104
4152.0879578651875
4152.415769070081
4153.03466373081
4161.401645861869
4162.141598496831
4173.25222856668
4191.14218138672
4191.256277388742
4191.8066208362625
4192.070236685323
4197.400037576445
4197.546101850188
4197.704507452072
4204.37434825926
4204.798964929041
4214.927405763412
4215.4303686492085
4217.0960739453985
4218.185676532062
4221.976287595749
4223.796713172993
4225.181501847941
4225.765242086103
4226.488625046405
4228.654649548211
4229.245443630844
4236.031758274801
4236.445630615301
4239.814955317311
4240.715230762827
4243.559135744945
4244.675610065876
4248.539919206674
4250.921070618497
4251.333227358682
4251.705998904366
4256.350966638172
4256.875952055842
4259.226431397245
4263.364066477085
4264.48286814246
4264.633144811931
4266.342929742492
4266.724601080624
4272.121911721698
4272.41353928161
4272.815466477618
4274.578734697104
4278.522699952326
4284.579779540337
4284.862251658003
4285.726539594896
4285.796295449797
4286.933366507906
4288.749191856499
4289.5709873517735
4290.094376444214
4292.347808750516
4292.462652413438
4293.518646202267
4296.355109947567
4296.572304742064
4297.979215031226
4298.84704377737
4300.207371104102
4300.529416704667
4301.7567043558165
4304.906508110467
4311.382711273633
4311.579878522835
4312.695038026623
4312.806833278372
4313.471620181407
4321.273952244914
4321.405195503555
4323.86729912017
4325.489448199464
4328.810174209174
4334.185129666976
4335.128137994244
4337.993037139827
4339.277424726846
4339.4080876505695
4341.288671426145
4342.53619984678
4347.274819120919
4348.888926073518
4350.0897098601645
4352.913082082469
4353.724290192355
4353.829033897957
4354.77726589027
4355.309658624943
4356.782280920846
4360.736308190323
4363.115733156143
4363.742237904022
4364.862430936531
4367.858478172806
4370.6395889519445
4370.957906440155
4371.251317748039
4371.397308525073
4371.815427602438
4374.794702267999
4377.5449717329175
4380.5390537594485
4389.6657441749785
4392.082237993337
4394.261111348751
4394.379841196083
4395.721947279556
4397.105459367318
4399.476375914246
4400.233898475474
4402.1179262270125
4402.333523615525
4402.452298136323
4409.776420719708
4409.873734468971
4411.046476083904
4416.870375683595
4417.6130022717525
4419.22991233238
4423.029659317522
4428.847995493301
4428.974866638217
4430.425427273492
4431.658946353164
4437.0289733791
4437.149659443174
4439.217781709164
4440.406176839431
4446.066960280753
4446.7079278050805
4447.588654181073
4447.793760641118
4449.6216920728375
4459.000306139182
4460.171055195939
4461.310555659982
4466.467775489939
4471.050706223478
4482.575592045202
4490.75469261003
4493.818895826636
4498.354672390172
4500.575732646204
4503.688295662172
4507.1737663218555
4508.615955922561
4518.07466186435
4527.045568923953
4527.1588270481925
4527.265171817322
4527.5535668532375
4528.5734113157205
4529.172114128541
4531.229035256804
4535.798139175623
4536.414414353554
4539.906282370429
4540.631602892319
4544.933855332735
4546.62016381063
4547.234413239959
4549.160887215698
4549.237269917025
4553.163131524028
4557.964511162746
4559.282680630501
4561.69056248992
4562.069258255564
4564.560307056627
4567.833302379816
4570.913366536355
4570.999811264163
4571.7568162163125
4572.609585524997
4577.738130707415
4579.431909198689
4580.091150647327
4580.198723040247
4582.010069319969
4587.127703420563
4591.629077311987
4592.352072550382
4593.187244939851
4596.420636318412
4596.579093026132
4607.233724586593
4610.085710743208
4616.600407484895
4618.02858543251
4618.326375332933
4624.279599570036
4625.528936290889
4627.444912930592
4630.428905210708
4631.8929908101
4631.962602535545
4634.395746554916
4634.454278737749
4635.66542198115
4639.447893045297
4641.691526104553
4645.511793729187
4645.635982787142
4647.508622331269
4649.991117865648
4659.251480998968
4659.452334218663
4667.365063909536
4674.495756553798
4676.512682365161
4679.225457546988
4682.105166324916
4690.667016515207
4690.912787756776
4691.912838802077
4692.706397863751
4693.185458031671
4693.3835363676535
4694.487373967869
4694.691252355043
4696.623992025979
4696.9879324602
4705.182881810701
4708.528292260265
4711.406589240971
4718.934332761458
4719.04538914896
4720.125279659817
4721.4185212297925
4721.644626169431
4725.206979894824
4725.446886236109
4729.085389591645
4729.209417851339
4729.847669141524
4733.687516215309
4734.1994916818385
4736.761761871741
4738.839385358832
4741.035245532024
4743.325716664909
4746.051868961979
4752.462177290332
4752.543182341482
4752.714679822068
4753.413994806858
4757.2957734568
4759.438357969504
4760.415327029203
4761.841865918659
4768.45050151473
4769.660281312226
4774.250542115444
4775.484197655885
4785.796442387001
4788.564957485804
4790.901640939364
4791.592177181366
4794.337786031483
4803.254116367334
4805.552659192601
4807.293343805678
4807.452224851219
4809.075363198802
4811.779881168763
4812.052092807363
4812.735456681701
4813.938260117089
4814.988247796437
4815.80261147102
4820.304588013421
4820.98146064846
4825.671157603709
4825.905239839889
4829.66189110859
4835.980173969787
4837.115468312802
4840.723311893385
4844.708989032921
4852.536556483082
4853.352962310337
4853.460427784223
4855.7571737296885
4862.864840232206
4865.893601331607
4868.481746720625
4869.281609891751
4870.556627344134
4872.692868958891
4873.933209295887
4876.232388061136
4877.9177362571745
4879.677993888122
4880.582057476402
4880.684456760992
4882.042204175401
4882.14772586939
4883.022460197466
4887.61501954427
4887.747767359051
4888.615127633026
4889.301980396559
4891.589165514784
4892.484195449451
4892.686524700208
4895.236873767522
4895.445044867282
4903.010894359322
4904.458113659235
4905.2152845369
4917.90149452068
4921.910025642196
4923.722881949965
4928.867676687548
4929.443228291956
4931.192750535643
4931.3242589473875
4937.025749978264
4941.034179864326
4941.991098426184
4942.102262178676
4944.98996504909
4945.7845068562
4954.17269957126
4954.7181630322775
4958.0143046408975
4958.063862066442
4968.682912019962
4969.575615965285
4970.545356301025
4970.6426540197945
4970.759279974165
4970.87089974881
4971.516402963657
4971.6369843249495
4971.9318671695
4972.617576125265
4976.93258750605
4977.292601958996
4979.289046892287
4982.635172766824
4984.404145834803
4985.136697587294
4985.927100622765
4988.788193875923
4988.819147923423
4992.17182553249
4996.0058564430565
4997.2758336473535
5004.542529400789
5005.170256325401
5005.289897052252
5006.394577123693
5006.477148941941
5006.70385619978
5008.33133649115
5009.4984919894905
5009.864116905179
5011.603141537092
5014.8887451335095
5015.38038080122
5019.07719233286
5020.135517040448
5020.714599994224
5023.718761210559
5024.548656227
5027.710545098798
5034.121024765491
5035.231619797378
5035.352042340394
5043.936165941904
5044.1385450809175
5044.815666105238
5045.521239100202
5045.880442340066
5047.17519966681
5047.9851662852
5049.353373300528
5054.095992970107
5055.747549741291
5057.86737002115
5061.317656408341
5062.146934208325
5066.518019278032
5067.2050834775555
5067.491778595991
5068.213125125374
5069.782650135563
5071.349612579783
5078.863224699613
5082.652671460364
5083.571027291948
5084.682674411494
5085.774929327299
5086.819953507961
5089.191760632026
5090.306228337649
5091.989534602362
5092.527842673396
5093.436638679983
5093.9461485000265
5094.523568254141
5095.5884429132475
5096.227310937899
5096.390593634144
5097.832441795591
5098.34865682021
5099.257907548428
5100.279564820734
5101.082826281225
5101.335045329815
5104.129371881574
5104.538579662121
5104.7089842757105
5107.724242446365
5109.102644000139
5113.671189555937
5115.866140778193
5116.231641610873
5117.448264956021
5118.585454601971
5118.911776847737
5119.208408179132
5119.58997197081
5119.9204381391
5120.125314360611
5120.221826737454
5120.520976465808
5120.852939540073
5121.14781995674
5122.522902988405
5131.500807433025
5132.097711897435
5133.614298351364
5133.804226286436
5134.3484462845945
5135.407310092477
5135.727901792843
5136.755974440431
5138.4687382303055
5138.89562255626
5140.024914426565
5146.203873623675
5147.991377341016
5148.221510653162
5148.17326245495
5149.643004171026
5151.886087786511
5153.786867202474
5155.436498041253
5155.51214625172
5160.645227770832
5162.947877125499
5165.295583875257
5165.423405575311
5166.075838331282
5171.667688085946
5172.0078431935635
5174.815855190142
5176.710196737271
5183.666823295427
5185.556555404767
5188.183362716967
5189.287649425505
5193.518738027402
5199.42226154806
5200.472236950829
5206.589608362301
5206.856236754962
5208.217832499171
5209.066620832149
5209.255064029214
5209.434694380508
5209.844395460535
5209.964377090422
5210.2397670255505
5211.098826832816
5211.519523413856
5211.709926980459
5212.229514104549
5213.122177243986
5215.983829749407
5219.158453213204
5221.385989355253
5221.456230332142
5222.364569610578
5224.288868776432
5225.021225234421
5225.136969290659
5225.660818375909
5226.464779020251
5228.078603409254
5228.1621839370755
5231.484437572871
5231.894263642113
5232.514039577753
5233.706220436734
5236.950291982512
5238.310981440486
5241.463631040798
5248.832583124807
5249.134537496023
5253.051657421648
5256.282884490709
5258.405330133291
5259.965280392276
5263.15775301596
5268.262488827113
5269.058830409642
5270.9015194133835
5272.178421336826
5273.627589237841
5275.498354326179
5276.054945299311
5278.149111061635
5304.9362697727665
5308.053342197678
5309.0058393323925
5309.0717751619295
5309.656928802043
5312.782683285222
5312.868214301263
5312.95215940729
5313.055659244108
5314.674140992278
5316.456446732434
5319.687987161751
5321.609391421363
5321.669433177876
5324.142647148698
5328.638214009388
5329.418836119787
5329.714829671557
5333.430103784151
5333.563582397259
5334.373202005432
5339.210565256948
5339.3499527921485
5341.915366979392
5341.998351334238
5343.118405370652
5343.7550342069735
5344.27803404484
5345.950897319991
5346.150451391777
5347.005086269765
5347.260306056838
5352.552848123656
5359.238591375527
5359.396060988998
5360.029361849257
5366.3933494258
5367.8331456174055
5370.344595576397
5375.257063947032
5377.579400395172
5378.272931156863
5379.787164296261
5379.885171798891
5383.11702945413
5385.526565991626
5392.138924054367
5393.6366181657795
5395.157035753427
5398.7263595171735
5401.161540301426
5408.952365797697
5409.082416320555
5412.1876182759515
5414.892408725742
5416.335856116406
5417.3881230131365
5417.489435462418
5418.512082767142
5418.608546187499
5421.493615631896
5424.721670849818
5429.520218932161
5430.59802560017
5430.797036287748
5436.899449041537
5437.950011795125
5439.54944345697
5442.232443102661
5443.935002834181
5444.107184778891
5450.248873131849
5454.184235000781
5456.5875281795925
5458.890545526089
5471.205311730058
5479.850136088986
5481.810583658231
5486.54387636526
5488.7056772059705
5488.845986899727
5488.933088923651
5490.635750780809
5495.945377142962
5498.0600409300405
5498.421851512397
5500.33778234716
5500.588159428437
5511.000321705194
5514.507845959466
5515.659264350821
5515.86088720307
5518.369398976856
5525.79194307394
5525.8947442262925
5526.629615731326
5527.2731101303925
5529.232464360009
5532.486886289265
5533.020289835515
5533.165452031384
5534.8278921226965
5535.13976703265
5542.816967000921
5543.481317311305
5545.766675796286
5546.820172751256
5549.598172784169
5552.751495647142
5555.419854643935
5557.094164398223
5559.442738856221
5560.524162910608
5561.742002694753
5566.777492617724
5566.9550980230215
5567.13666633319
5567.568889735243
5567.703973891483
5568.57972151758
5568.6925055982665
5569.307088668391
5569.410795225136
5570.161199231907
5576.018666107343
5579.280313018516
5581.157732561547
5581.8963815666775
5583.149607132369
5583.287658601174
5584.21394530207
5585.943963034168
5586.678040441355
5589.467326022239
5593.0426259418
5594.148470748457
5595.924257495264
5598.997540700203
5600.134248895224
5601.725827109196
5605.770791153238
5605.92020820387
5610.96860116617
5615.10690372971
5615.57993164008
5615.952994470672
5618.541987412009
5618.809365939839
5624.162515287523
5624.793609231337
5625.071555079994
5628.507499335108
5628.621341085905
5629.658701542716
5630.9416831304525
5632.728809727388
5632.82934308361
5633.047730493012
5633.993202894639
5634.125816480782
5635.090078246881
5639.594157473183
5641.00028719532
5641.889367419243
5644.875855204463
5644.952603821808
5645.728960513451
5646.694143953602
5651.216467404444
5654.050206466724
5655.1885752491135
5656.870196344574
5660.340342448908
5662.983915026211
5668.572605814507
5672.350941580721
5673.537669597107
5673.8465833372065
5674.527565412398
5674.709457004215
5674.961312745787
5675.287691980766
5675.432124636482
5675.902910703638
5676.173089641112
5676.325546932152
5677.0975386542195
5677.410605553757
5677.910792693535
5685.886073417207
5687.068954160951
5687.195883782686
5687.554830859732
5688.5788823059665
5689.76146835471
5692.35703208972
5696.369727527006
5696.9951600501345
5700.3925635373225
5704.0888702991015
5704.133621662201
5704.273576927256
5708.638572078535
5712.607890841406
5716.81089260784
5716.932507457239
5718.168031093651
5720.325741314085
5724.191400905927
5725.6353123776
5727.829679725268
5727.952095193914
5730.195221587723
5730.658178001582
5735.208825184511
5736.472376125208
5737.418894148754
5738.212893112659
5739.423588538927
5740.766257696395
5745.1829000594425
5746.420508514529
5746.54754359539
5750.711994606952
5752.323651119606
5752.996403782272
5754.781638595674
5755.911348559107
5756.085158271702
5758.5237845854535
5759.066375134841
5761.479622086441
5762.211171543944
5770.7449914201225
5775.501855124288
5776.276260920862
5777.353391398758
5778.20499983058
5778.532788129029
5779.49451602059
5782.120111134809
5784.835458541833
5786.2185569250705
5786.32314422007
5787.201851358141
5789.843021663564
5792.479723309723
5793.172080546275
5793.392395463899
5793.700471688793
5794.510941827373
5794.682562689159
5796.879306913902
5797.149064216059
5798.418335894247
5798.69308418807
5798.984960187865
5799.217609699131
5800.454700513116
5800.720552192381
5801.0139966302295
5801.57992535746
5801.891998043377
5802.85202386047
5804.460274462487
5804.730829189384
5806.887951905981
5807.155609909267
5810.0936821676005
5811.123162265483
5812.020257394529
5814.8239168044165
5817.1383930702195
5819.101956197878
5823.180429082833
5823.650003659602
5823.90643419165
5824.036644684569
5824.772988896559
5825.047732597994
5825.739447392657
5827.220192487309
5827.8413800379885
5828.033237149565
5828.891113910651
5829.099020708517
5831.524464770776
5832.035465087543
5832.462804745928
5832.934009688137
5833.790799896076
5835.617322520509
5835.739595706959
5837.479646344451
5838.137785441269
5838.311391159561
5841.258440194162
5841.379960935441
5841.519180214063
5848.5230679450015
5850.796633231141
5850.851329302778
5851.164505433899
5858.948836611291
5862.952193224961
5863.765880863006
5864.017971104291
5864.247958404871
5864.537277376885
5867.895058436858
5868.039783982868
5868.156489594009
5868.881995712416
5869.109368627732
5869.870789693561
5870.080634029455
5870.91574821022
5872.481072792689
5872.631874969743
5872.847558066034
5873.714424786722
5873.803123090487
5874.862068297333
5875.082142150251
5877.0134857194635
5877.699993990216
5877.891754878551
5878.736925292246
5879.77930957196
5880.997013626697
5881.135934739623
5881.692868255532
5886.935181388512
5890.440273977728
5891.4322699445365
5891.894499564887
5894.223313287269
5894.445869194686
5895.572881060778
5896.4374811539
5897.247688772662
5897.437093725136
5899.343810233804
5900.889725159221
5906.073503045443
5907.721254666413
5910.109471523094
5914.411350813573
5916.58568912038
5924.279859380042
5925.664821150717
5930.600848794655
5935.684494412295
5939.181547575251
5940.606049841825
5940.791294858527
5944.86981669406
5945.20314286637
5946.017865982115
5947.374827979121
5952.768996569813
5955.138103048974
5957.72984341954
5962.522110265325
5975.498988825094
5977.077578950407
5981.0759726623755
5981.199494136539
5982.692145231031
5982.877529371685
5985.459887404894
5988.867323672302
5993.305411601328
5995.582916399104
5999.342744540798
5999.553124073732
6005.570379115212
6006.723003753377
6010.065070581938
6010.917296782495
6012.280135384348
6013.515062583411
6013.579355843402
6015.011707737705
6017.7770726024155
6017.8731983296375
6018.784026963996
6019.059712299113
6019.1803721362785
6019.640463245183
6021.291879247547
6021.448381044098
6023.34082385199
6024.340057641122
6024.994784592916
6025.220164228303
6025.64724388162
6025.758007722451
6026.197105424504
6026.476859883329
6026.845095290695
6027.477203679866
6028.349166350627
6031.289122011592
6032.315697972022
6034.141914514812
6034.766818582017
6035.900845915514
6044.8459754533205
6045.570902229133
6045.690587034247
6049.283967325247
6049.36523603095
6050.388881590739
6051.389966731902
6052.867283736661
6055.879301332569
6060.07286008003
6060.15515065338
6062.894967691403
6063.51388587043
6078.697833832123
6087.015965352867
6087.344795656314
6087.640468736941
6088.030801419371
6088.363184907694
6088.656107484516
6088.956998584599
6089.289113809464
6089.5803393984515
6091.501495389424
6093.592334124189
6097.817335681804
6101.329909839031
6103.063560455743
6104.995003128729
6108.278626320198
6108.499614739688
6114.38462524876
6115.10611429712
6116.061016784442
6118.499119717855
6122.628165102607
6125.0576503952025
6126.712335837201
6126.839368904757
6127.285033079332
6130.80354905942
6131.301613650476
6132.45043999707
6137.315461808006
6139.751427637941
6140.704487145096
6144.626762463808
6145.894832404836
6146.07158555045
6146.45043102572
6147.139086796122
6152.106013268432
6155.064919924233
6155.694467171992
6157.79208487139
6158.851941297608
6160.113458164175
6161.024833217743
6164.165464026831
6171.401226740545
6174.430059082355
6180.658802445778
6182.54536954645
6183.556486022515
6184.178836800804
6184.827090094583
6184.951383916692
6185.056107220404
6186.053067917193
6186.238010224957
6187.321176194196
6191.188652975681
6191.31701601803
6195.193389359763
6195.565618911988
6196.616393929502
6196.714006337346
6198.226467097718
6198.682631064668
6198.871935317535
6199.050322853995
6201.810323813552
6204.077980427854
6204.680107598461
6205.493019142046
6207.603423322864
6207.678055776347
6207.775778811525
6211.391469165935
6212.679452014887
6214.115461746918
6217.896927463877
6219.030845572521
6219.978483441451
6224.702064664265
6227.041124052144
6228.107158902135
6228.155086161968
6228.818153764404
6230.370040841633
6231.43368359638
6231.557447964048
6232.19606992172
6233.060072686041
6233.6632347563545
6234.504551512966
6234.963013124934
6235.785863909754
6239.824405297159
6241.715856010165
6242.643280950646
6244.6906116948785
6245.587684935514
6246.080268237411
6246.842891293006
6247.631291496004
6248.764968180717
6250.519658697992
6251.928640246815
6253.109166112494
6253.327979629761
6256.411416784453
6256.505948092529
6257.14662487373
6257.956729821968
6258.82555182191
6259.122043415651
6261.179755695801
6261.327208017046
6262.31922515364
6262.995963404243
6263.45687286616
6264.444078215642
6264.897069810433
6266.149495121378
6267.31449619018
6268.721809660443
6269.677253750747
6269.796137291797
6270.914493704658
6271.269580657296
6271.6782093701795
6271.924883195785
6272.215211480632
6272.398864750894
6272.633562830147
6272.893859833783
6275.78958322918
6277.632989205595
6277.763126293645
6278.721232715623
6280.573110935334
6280.797788333243
6281.213148233836
6282.2015483620125
6282.71967623845
6283.598211534773
6285.617035953369
6286.25764824661
6286.802297319011
6287.604182361531
6289.210334064383
6290.3001774422055
6292.790198336311
6296.042783977822
6296.101493425607
6298.365750086869
6299.665114493968
6309.353844867448
6310.411905721816
6311.325858680664
6311.715963988738
6312.376303861576
6314.5697895056655
6314.877842247255
6315.24911981527
6316.879294728669
6318.175176128556
6319.1043424556865
6320.127647885395
6320.343316606246
6320.799477589819
6321.108947527811
6321.393924766282
6328.338121271885
6328.807605463695
6329.130933740647
6329.432788308821
6330.148250754126
6331.026519064355
6331.1317243212125
6332.362045778818
6334.406297528078
6335.755446472136
6335.860110245574
6336.726828881718
6336.841942065177
6337.957752377753
6338.836964939802
6340.246788590659
6342.593115797057
6343.5710724052515
6346.376253430895
6347.05504711303
6348.062109778668
6348.178564344646
6348.749540469218
6350.904647620654
6351.212569269426
6356.443647510885
6361.1871073515385
6361.244021258032
6361.990974802233
6364.6216337153155
6365.475456937305
6365.601962079115
6365.89465356214
6366.535933529636
6367.6335280263265
6368.969514433832
6370.9547044115325
6371.963934581184
6376.521649178472
6377.600921706133
6379.985914946406
6381.112950647532
6382.994443436237
6385.216991067818
6387.736776939833
6390.087270375867
6391.719247794826
6392.527484617276
6396.985801108531
6397.124189681592
6397.54651274048
6397.620019973507
6400.129438675493
6400.448994152681
6407.914163489103
6408.842436288377
6409.59245944059
6410.593759873545
6415.720090272831
6417.065340915411
6418.259688349917
6421.065405642143
6422.684151710004
6422.761701098153
6423.992026730719
6425.389399760696
6425.955860396879
6426.536286433507
6427.293765163284
6427.39911669686
6428.6012811171295
6429.390084346753
6435.382295940433
6437.931161119241
6438.527925882752
6444.664378920477
6445.674427879252
6446.167437377739
6450.223535157447
6453.569974443037
6453.629213002064
6454.53123859962
6454.627430652083
6454.750334250819
6455.265149740178
6456.477851429596
6456.592002400781
6457.81108885665
6457.936204898117
6458.028426939165
6458.185694761639
6459.8713350072685
6460.2224779351545
6461.613623725605
6462.538610495539
6464.481519469034
6464.531169485255
6466.780627928541
6466.891518751426
6469.761937464237
6471.395482154833
6474.18484157501
6476.292927349832
6476.467530350252
6476.758826786303
6479.652815944097
6480.837139386957
6485.72980903819
6489.153930081468
6489.898001717952
6489.97666636
6490.808281223495
6493.439003706058
6494.203364819985
6494.285223948536
6494.963501024908
6495.302766692425
6496.459167892195
6496.963192102398
6497.800445263835
6498.47361457921
6500.256162853493
6500.8973674108665
6501.3247659162425
6501.928460979189
6502.041733260811
6502.969576721425
6506.137067741007
6507.7189211977075
6507.987822990571
6510.305117451864
6510.8342757551
6511.8874117860105
6512.55378850219
6514.762277812365
6515.781890870185
6516.0157582482825
6516.696507751524
6518.144938174706
6518.441618582263
6519.275459688595
6519.321249746439
6519.9971098669475
6520.616135486214
6521.809128311146
6524.983621655432
6525.704880868439
6527.792634088073
6530.648174230984
6531.334503588958
6531.71931546923
6534.862244649207
6536.979162297768
6538.245945899955
6539.606960094492
6539.839362903411
6544.284202170139
6544.563720877418
6545.0668773200505
6545.130737728264
6545.797761139603
6547.089004992373
6548.894686891016
6549.484814655267
6551.14461581371
6551.281602338575
6552.7331973403625
6553.423018939532
6554.474789586433
6556.874623346792
6557.4368610332385
6559.953664620189
6564.167423547039
6565.166812493988
6567.379796894301
6573.7645513742555
6573.991235923662
6574.821840404182
6575.107585112584
6575.328935732586
6575.466824247992
6577.274317468384
6577.685600741661
6577.90261137882
6578.744821126194
6578.847600285207
6579.788550278812
6583.514297786034
6585.342411485724
6585.991682202666
6590.8551329269185
6591.5363337097715
6594.0255540191465
6597.580072868914
6597.701751858346
6600.784930618969
6606.406928530449
6607.328459224637
6608.643419839453
6609.138752591759
6612.101155816881
6617.173258116767
6627.518672220511
6627.667392687667
6628.017932265704
6634.100204386657
6635.465300885127
6635.627359119671
6642.373724872135
6642.501918614775
6642.6252266616175
6643.206810677253
6643.811493789692
6644.11381522324
6644.442598294696
6644.742308738848
6647.422234503854
6649.885988850834
6650.068123383075
6651.102153809763
6652.999606634671
6654.2370061231
6656.871492587643
6657.837567595438
6661.670243837647
6661.72716393432
6664.113343509322
6665.036954192625
6665.2699594046235
6667.1416023083475
6668.598143564569
6669.401074492145
6670.113316025402
6671.065535064983
6671.582991079513
6672.909559635224
6673.200981408021
6673.383553821261
6676.007030854709
6676.765559513545
6678.729371896529
6680.574560514633
6682.220823265283
6683.627385514987
6687.083555860927
6691.698573959245
6691.860292283695
6692.000012462758
6693.5257467265965
6696.604171027389
6699.181258882933
6699.541285210361
6701.019422249014
6701.204883214679
6701.7617914101265
6702.120398926445
6704.714071116621
6704.978964006763
6705.526003106272
6708.211098666422
6713.18941182577
6714.794103394006
6716.439193536392
6718.913608894934
6724.573073312204
6728.800292334816
6731.770696168572
6731.893134628252
6733.286961370872
6735.985320470836
6736.289678407022
6738.034924530166
6739.886542911019
6740.6489778475825
6740.796855181758
6742.168903057037
6743.959767751923
6744.444402640096
6745.673216828063
6749.5847626410905
6749.677882834903
6754.089805170813
6755.758826519799
6756.541571503045
6757.71048279253
6758.356002059394
6762.1596319361815
6764.0481059861795
6767.166824343198
6769.437787258946
6771.798226858835
6773.402933152991
6773.766777657427
6774.892003617564
6775.049717850172
6777.882303587354
6780.0622000293515
6780.8712135451115
6783.607490823518
6785.543046341688
6785.824134020568
6787.824349416773
6789.1881269350715
6790.446756408814
6790.651590261508
6791.556979401752
6794.437776310364
6796.232810923582
6796.4371629048865
6797.859180167663
6799.051184340487
6801.300938301454
6802.688682081017
6805.281470522803
6807.909019239483
6807.991078628547
6808.796331587009
6808.860871108798
6809.677824031651
6810.946896327616
6812.054164634797
6813.7194810704805
6813.971176925925
6814.769242311956
6815.582740285745
6815.620051462969
6817.365896878417
6822.044463476176
6822.236352173096
6822.420974817773
6828.157359638308
6828.950093568533
6833.129691478285
6833.869453686626
6838.608338201502
6839.6069925970805
6839.827382489696
6840.253183904326
6840.461943204909
6841.256374243043
6841.743962396793
6842.116124030932
6842.752108992188
6843.671311094278
6844.668537095871
6845.773766104686
6851.597289838512
6852.883606660301
6854.796376011815
6855.340226928628
6857.1137938095035
6857.54825616124
6858.5147244000655
6858.755635667039
6859.705457679236
6859.858110080321
6860.014222306677
6860.6920022401355
6862.401861985902
6866.954559468834
6868.915334219588
6870.20779099936
6870.951623774103
6871.124816342482
6871.215614144734
6873.000484481701
6875.021123452188
6879.665446918785
6880.454536614438
6880.55473596163
6880.936395512181
6881.951244547558
6883.632993089781
6887.074543198186
6887.399177604993
6889.353620569735
6893.740392337977
6899.90253758329
6900.235081388585
6900.565253070456
6907.845619439557
6909.864195062646
6910.9056446632985
6915.541976399261
6921.826656092746
6921.935819773685
6922.1233379168
6925.480682733838
6928.180641238585
6931.138608521471
6936.8891718454715
6937.181595142888
6939.302780975483
6939.351123505274
6939.8567926069545
6940.679784006639
6941.086669399129
6943.571220623291
6948.58615239157
6948.70170323465
6950.770154269818
6951.879364645043
6954.567033114894
6960.060028826447
6961.739520722293
6962.063634987726
6962.373574677207
6963.204562664652
6964.993360107157
6965.6610160931505
6965.771713022572
6970.919604554505
6971.062401251908
6972.012667477535
6975.870435935799
6975.9973662762195
6977.77836338901
6978.683839297607
6979.841054770322
6980.049230906239
6980.1883961367785
6983.685431075755
6984.021829809373
6984.712557474255
6984.901554463791
6985.453680436596
6986.429152241084
6987.751244945624
6987.87173348326
6990.705003444173
6990.843603489448
6991.239819938018
6994.453199861879
6994.845116028813
6994.974710273423
6995.495617355673
6995.906769058623
6997.693239940456
6998.136447386711
6999.154605134319
7002.215348868223
7006.150112087078
7007.563037965603
7008.250963167888
7008.355399226421
7008.628100113778
7011.239656360502
7012.695567503556
7013.988775535874
7015.728267102237
7019.544977083997
7019.646048011311
7020.34287699754
7028.9007104648135
7031.180452296271
7031.2968267940005
7032.342967444172
7034.1184934991
7037.546324888507
7038.435827218261
7038.53785035503
7039.250393344767
7039.370072265109
7042.924742676578
7043.123694426683
7050.5063129756645
7052.301245311573
7053.240763904629
7055.438990243711
7055.772647292633
7056.4055760780175
7056.546013784404
7056.667425739626
7056.768261670664
7057.086568376955
7057.377494785112
7057.711898534568
7058.002630386123
7060.800011502796
7061.47519189654
7066.336460395035
7067.513405329686
7067.994525381336
7068.982983268581
7070.76380320416
7073.863836754821
7077.057109364034
7079.756955947745
7080.245827075178
7080.997012921537
7081.835578751779
7082.58629972198
7089.9218955342585
7090.937620097192
7094.197202624779
7094.955137065248
7095.124247547212
7097.333321069213
7098.614154168736
7098.821608968385
7100.783066122014
7102.710607942087
7105.60353204998
7106.501427925126
7106.651528435816
7107.17332769502
7107.276037658942
7111.651850076059
7113.216433912297
7114.923837202547
7114.992951907054
7115.08906854405
7116.43396747192
7116.58471178756
7116.602990637077
7117.228407556047
7117.355540403353
7118.597313888164
7131.89649325475
7132.5721913446
7136.032145617519
7137.517083894418
7139.904068380803
7141.725636289999
7147.584178659536
7150.373719558675
7151.447663397297
7154.009086238123
7157.014088115721
7159.717361783976
7161.436619545948
7161.751799753413
7162.41668282702
7167.612305434145
7170.611427380427
7171.4255031871635
7175.037063336475
7176.175327250074
7178.802211905395
7179.990533908912
7183.5267900747895
7184.28370802772
7185.697450777039
7186.639146068002
7189.717773667764
7189.793687014484
7192.089442161461
7192.187136437784
7192.240398170214
7192.362343661278
7192.4891604221975
7192.554922093719
7193.393312066634
7194.645513946796
7194.933564057757
7195.36067728883
7196.522956900233
7197.152044939121
7197.466462994267
7197.8939340078105
7198.615584260293
7198.717807167531
7200.163265884383
7200.430543893467
7200.995793980786
7202.08175435927
7202.6357549566965
7203.155544226296
7203.903795650263
7204.741845664844
7206.415103136562
7206.735714044833
7207.387664347411
7208.933042836965
7210.996031495919
7211.865482877816
7211.90435203261
7212.260833635751
7212.504634924989
7212.635720185752
7213.89592101344
7214.778348122027
7214.894382866716
7215.914385971633
7215.992586650726
7216.404382644843
7217.258349928702
7218.462021277042
7219.09440514448
7219.520662110899
7220.637418888438
7221.14261897375
7222.346891797719
7223.498980376474
7224.672491147316
7225.74000536687
7226.712010834154
7227.56006894928
7227.775151195782
7227.979004117458
7228.979329691659
7231.969386003623
7232.783701760127
7233.510925292715
7234.1280988771505
7234.251553353218
7234.375354684897
7235.981266914112
7236.159171704587
7237.205743081102
7237.579144579263
7240.113454180608
7240.413911094825
7241.2662654716205
7241.808685770118
7244.391472421879
7244.5142144117035
7244.640706538101
7245.307889662801
7246.642750085628
7246.780498045269
7247.427166390975
7247.674437681425
7249.841620841555
7250.779781895431
7250.986674283855
7251.203246061523
7255.695437969061
7259.665990553172
7263.376327363987
7263.553945243394
7264.4272517812915
7264.528673452396
7264.999534203961
7266.377186747344
7268.663669831007
7270.784552367575
7275.5418773136735
7275.675660367918
7277.700875705097
7277.882056524976
7279.236538672429
7279.861966714487
7279.977559101637
7281.828641788801
7281.9605387718575
7282.506491202264
7282.96633497055
7286.571148903591
7288.772511753651
7288.906253022684
7290.090025206746
7290.219197813591
7291.099442638606
7291.669792943834
7293.0403251363205
7293.113648894316
7294.403445644871
7295.65530974133
7300.544906626452
7300.831640830407
7303.282640646537
7303.545664254125
7305.710356771248
7307.263258267229
7308.679690247613
7310.583476706397
7313.739498358013
7314.749538747172
7318.851437810484
7322.480990625716
7322.569826365834
7323.170389279067
7324.570376299893
7324.8558123042
7324.991926170063
7325.497427415245
7325.5872186033175
7326.89208818133
7329.608445741883
7330.434479081811
7330.711144196119
7333.809133018645
7337.864191303378
7338.079727945924
7338.816287189243
7339.764509147754
7340.723343312562
7341.184295811139
7341.636117186852
7347.560870831495
7348.356399326899
7348.684341173049
7348.778261255595
7350.636705297611
7350.765577529257
7352.215860318773
7354.587711207854
7354.870446237705
7358.178061088858
7359.0978231934605
7361.297764350778
7364.787954348285
7365.680602759694
7365.850751907734
7366.0602840683105
7366.188993312464
7368.878975184485
7369.063883193727
7371.270361143274
7377.445578388584
7378.389251583299
7380.129178175761
7380.865354244768
7382.170559231468
7383.198256852549
7383.328551991835
7384.169778287378
7385.132136041793
7385.193790020119
7388.04815645754
7388.373756584127
7389.287107205311
7390.471723315213
7392.630633491493
7393.8754541836515
7394.668645638467
7396.833907460821
7398.111279624849
7398.938996847809
7399.388524364071
7399.949183644958
7400.952730064495
7403.097313078955
7403.848795146332
7404.196121322471
7404.5453457433
7405.094821824327
7406.060191465018
7406.96609722456
7407.07188457686
7407.188424510765
7408.273107629422
7408.824566558433
7408.885897438736
7410.697203349146
7412.188948286899
7413.343132627764
7414.601689549584
7417.45086286824
7418.000498789306
7418.498998396886
7418.679696402562
7420.647225978586
7421.110512548978
7422.432065075445
7425.266011122372
7426.569941133549
7428.661907277435
7428.796623479382
7430.122954783323
7430.838836768498
7431.236687779761
7432.474285830567
7432.633822523767
7433.9411252607115
7434.4897220094845
7434.975311279832
7436.611416985215
7439.335742784391
7440.140610461158
7442.823411669524
7443.653898462239
7443.9640093452945
7444.675254428141
7445.648042961669
7453.209828021426
7454.383157388727
7454.509208187666
7454.631392669025
7454.89013865902
7455.472605692534
7456.2654319517205
7461.963975715116
7462.093741794768
7462.334935824181
7462.631595012835
7462.675841902654
7472.291519756696
7474.108476992078
7474.228783295293
7475.8992731373655
7477.622175342586
7477.747026350359
7478.404105965819
7478.960846271539
7479.677793109098
7480.042722079377
7480.999668428953
7482.090133317575
7482.634667867935
7483.112280825058
7484.356990533142
7487.51419166688
7490.198469557871
7491.5947390824285
7493.729672459572
7494.145181688913
7495.457516033455
7495.652299754915
7496.518712215151
7497.674525440631
7501.722033378246
7503.254524489992
7511.308301871008
7516.007933362063
7518.973690263747
7520.8996633851875
7522.429657578401
7522.802052115972
7527.6384962903085
7533.965004755106
7534.146153840643
7534.907199282299
7538.046052991819
7538.551457253606
7544.1104572664535
7544.768684482164
7545.631581976402
7546.322762849581
7546.4343213429165
7546.953519859306
7549.673600978618
7555.151005507909
7556.773487962444
7556.9781475010295
7561.780837339289
7561.798892309667
7563.772524589352
7564.845868003187
7565.7120765367345
7565.840690295728
7570.375445410107
7570.521208324295
7572.3816169913025
7576.629984343847
7576.679840300052
7579.367901315301
7581.448854145734
7581.788278912117
7582.07561381553
7582.201392383134
7582.282073976507
7584.474197544841
7584.588507799332
7586.990803504223
7587.42863214797
7587.463124112184
7588.065945712673
7590.138582652469
7590.1885256410915
7590.962932543975
7594.7733862720925
7597.663253275321
7603.70593269486
7603.993014355467
7608.616387576417
7610.4505517750695
7610.778620747147
7611.068368807297
7611.473363056579
7611.803061798397
7612.09788633519
7612.388541496713
7612.717427885536
7613.017206347224
7615.564896541711
7616.343052844899
7617.217806018352
7619.134577132385
7621.564789314344
7623.334590197523
7625.193271057924
7629.077394310703
7630.280501716943
7631.597061134913
7632.347268639238
7632.488974181168
7633.587674631817
7634.998440895445
7635.615858664176
7637.598873505736
7640.788073632984
7643.555672814649
7645.398009956251
7646.522639375331
7646.684914243246
7646.960035313559
7647.140222781252
7647.243841811438
7648.235726258674
7653.908930890153
7654.916334325562
7655.5319413030975
7655.764276206449
7656.568998130084
7657.048268313552
7657.419350638124
7658.057207820826
7658.421872347025
7658.908781455126
7659.503524878372
7661.108543844799
7661.588286031654
7662.915282285869
7663.065229059618
7663.742286079882
7663.985115605835
7664.530599857277
7666.0532414213685
7666.446309786534
7666.57193652848
7667.736849825098
7669.087414745488
7669.2710666444855
7672.681390601244
7673.111512931626
7674.576255356702
7675.537859291959
7677.430112067912
7678.439457827941
7679.615425233962
7681.249976264167
7681.410842924469
7681.660197494638
7681.749348129755
7682.585309670833
7684.179602569466
7684.363014138115
7685.485335728483
7687.512396822389
7687.644434944301
7687.750428253461
7688.332718324267
7688.722852972249
7689.081054993974
7689.191995327659
7689.346212615754
7689.440787787706
7698.189325282241
7701.572839722074
7709.9060072135
7711.055596968216
7716.046089973146
7719.599466585613
7719.673966062999
7729.458994063441
7729.65714502119
7729.783517668585
7733.320053731102
7733.7963435962765
7736.9087586284995
7739.642944398809
7740.732412249412
7740.831257534896
7741.509923569311
7741.631415546943
7744.664911221145
7746.17887556366
7748.086073011469
7750.788732285559
7750.832631437939
7751.133254870534
7752.097822880144
7752.242790491608
7753.261448621364
7754.321181051613
7758.993218896405
7760.462136231503
7760.54595778074
7761.474749976656
7763.91653861109
7764.223267850539
7766.088727519134
7767.173116837805
7770.991273744063
7774.864593565879
7777.068220058027
7778.894281546029
7785.732542066733
7789.150148712339
7790.081944843352
7791.8744164511345
7793.07986725473
7794.094213171102
7794.842159822021
7795.848821048305
7796.588129011561
7797.737836769471
7800.073423902186
7800.985547549453
7802.677990888456
7803.123281241684
7803.533787353941
7804.634727731795
7805.730500979467
7805.863860803765
7805.909042275676
7807.941042205312
7813.335301199337
7813.512231880917
7815.567608501287
7815.809718298049
7816.405994969523
7816.528578271114
7817.439834335505
7818.671596099144
7823.9222879208755
7824.149851847775
7824.262275653227
7824.346494081961
7825.944010784532
7828.488162210599
7831.126479586337
7837.062238344928
7837.18510199019
7837.360278075994
7839.088961638171
7842.743165184624
7842.837384735682
7843.269129385968
7844.197410985973
7844.2990526367
7844.382083514052
7844.4924798422635
7844.833360364239
7849.894530786037
7850.205536774609
7850.643194252136
7850.9820135050195
7858.061013695447
7858.863560956624
7859.6039503931825
7861.53637456268
7861.6884435118845
7864.8522935046585
7869.628771717837
7870.929252774269
7876.576068616251
7877.940061572266
7878.215069274711
7882.06523491032
7882.188377024158
7896.858408364891
7906.1795831545915
7913.935565379907
7913.93590810258
7915.8003716993335
7916.639906626269
7917.736907505505
7918.602265238913
7919.23550972062
7922.896021612224
7923.958555968351
7926.661292126778
7926.714462501917
7926.817275105579
7928.294486960587
7928.485316932565
7928.677294969331
7930.115555667295
7930.553694615329
7930.772687762632
7931.260842590935
7932.577784908799
7932.963619652297
7934.919518783368
7935.399476155346
7938.549526451656
7944.214144806136
7945.767417731299
7946.111109736348
7947.560075974679
7948.170907289823
7949.423472276516
7950.246875556958
7951.053470906957
7951.868646661851
7956.442849524619
7957.076584669418
7957.270221145768
7959.650166342597
7961.447834504073
7961.9954278410805
7962.942816054703
7963.437241224948
7964.078050893157
7964.608062578433
7965.4578922851415
7966.0285509085925
7966.1991251781255
7970.516805976182
7971.354182057285
7972.878419896744
7974.173798270719
7974.62731436666
7976.826519159197
7977.111731660412
7980.627163771736
7987.091594745578
7987.222256632009
7995.560752790614
7995.779351005539
7995.890238476666
7996.723587201792
7996.82744751921
8002.0217556267025
8002.130646044601
8003.778463209982
8003.894351641714
8005.282168200736
8006.429592889963
8006.726978244998
8008.809945260968
8009.568247182008
8010.421298846231
8010.632335712895
8016.5456496719835
8017.762377011273
8021.78054704998
8021.903768414553
8022.573661723303
8023.773219068835
8023.842039619201
8024.176062251305
8024.462295236444
8024.867536217722
8025.207870574478
8025.495802964282
8025.781122314119
8026.121267336621
8026.40311742728
8027.635845756302
8028.454415061684
8031.1406746450575
8035.0653647452755
8035.786666709604
8036.226215804627
8036.602003202541
8040.162460251764
8041.301674472538
8041.5417092004445
8041.701778013783
8044.490252873428
8046.232632731046
8049.8967046454745
8051.616839159442
8051.96417490179
8052.016052831033
8053.425357570821
8054.265629758012
8057.049217673621
8058.125626761279
8061.6817366565865
8062.329538468037
8062.469074957531
8063.304002129105
8063.622226729298
8064.982742304201
8066.034575793092
8067.98169412187
8069.326424658317
8070.300005015375
8070.56069512706
8071.266856811556
8072.012578809972
8072.3005041618035
8072.827963790016
8073.4947136606515
8074.834393786845
8075.042596993248
8075.445501529901
8075.553853718022
8075.914383630948
8076.660715240312
8077.4759598381
8077.906946618352
8081.322797336589
8082.017557687115
8084.902792943086
8085.29436839825
8085.994553183005
8087.14213974469
8087.216867733117
8088.088805368043
8089.210135361375
8090.138143854586
8091.0249433227
8092.666238630121
8093.924543934996
8094.807981926624
8095.062014244095
8095.979888238253
8096.808003569611
8098.641077561735
8099.956836403433
8100.936787567327
8101.129342168415
8103.000418613608
8105.253776382589
8105.652230991356
8106.376175973486
8107.364420461099
8108.3981595863115
8109.299379014545
8110.950411314976
8112.281283437253
8114.325892600849
8115.43194636648
8115.817950567154
8116.012406448834
8116.816881792411
8120.12303118881
8122.145263017976
8122.315040824791
8124.264783024375
8124.999395759094
8125.686884436387
8125.9369528973075
8126.248826403944
8127.504228077518
8127.64559968454
8129.003488548889
8131.585393163767
8131.805693291964
8132.242463378863
8134.20803204657
8134.895214127442
8138.577536783037
8138.904140454142
8138.97842982051
8142.222417348845
8142.7615347136525
8142.854553384568
8143.020783280934
8145.643334081038
8146.408716431686
8146.929849549588
8148.236341627131
8149.042054068514
8150.015837290788
8150.124400490258
8150.844841463004
8151.0551798458255
8152.8618924267375
8154.164193257344
8156.636133190697
8157.178753191243
8158.3181458176
8166.64028494667
8166.97996645407
8167.11659797804
8167.253496847536
8167.832514759517
8168.02014160259
8168.422307620518
8168.651836290028
8168.7810960836
8169.101012193831
8169.583445533166
8170.722027492242
8173.265632002076
8174.617002300083
8174.728659979208
8175.002457470677
8175.696368209223
8175.804275881319
8176.48881464656
8177.619471966029
8177.896274661887
8181.382244134051
8182.052003406447
8182.698641272889
8187.98064843346
8190.441848391491
8190.895601599859
8190.972654113146
8195.827975379276
8196.995420276551
8199.8259492484
8200.55620025988
8201.527998509639
8204.25624141461
8205.61024349914
8210.09537937584
8210.234033357166
8210.963451701655
8211.727600084803
8212.204644279229
8212.6412686047
8212.755687392397
8214.210028253561
8219.42552722451
8220.976761842872
8223.196542743017
8223.728261108905
8224.001322357248
8225.869152403644
8227.16805284412
8227.941164237265
8228.483819615258
8229.85052694176
8230.883345501381
8231.468314523518
8231.680388025878
8232.760131903251
8233.020647524638
8233.669413369327
8234.489679447324
8239.04771758074
8240.0607156802
8242.269788280584
8242.491125308563
8242.569186169589
8248.700740616008
8249.39294889223
8254.289740838973
8254.49334771923
8254.878190184412
8258.13447005787
8260.580392517266
8261.647310158547
8264.986058982715
8265.259769604549
8265.934022564254
8266.698321357102
8266.830559947142
8268.968333130812
8277.718930287067
8281.266211515262
8282.858301345643
8282.990490794948
8285.257243991402
8286.367355803508
8287.008133673648
8287.225681408781
8288.016309881234
8288.604722980344
8290.286307768238
8290.499444083742
8291.209397850964
8291.739115623925
8292.755222828127
8293.381429964173
8293.492029124689
8293.65551648222
8293.793213663834
8294.977495004112
8295.258580098613
8295.848217134257
8296.735789088603
8299.268897076068
8301.59635835714
8302.962313285734
8304.4062310356
8304.690628451452
8310.06805147408
8313.866106311376
8313.952334109792
8318.51237462102
8318.64467965674
8319.053568378768
8319.953518005219
8321.086619761654
8324.674106944458
8326.778822245122
8330.226134702032
8330.401488275205
8331.427114216034
8331.559687122137
8333.436488345833
8334.870486371234
8335.704486442019
8338.378820805256
8339.148405107038
8339.482211866673
8341.368077234112
8341.813566754452
8342.037617949192
8343.334929651204
8344.990093935277
8345.444397824353
8346.734386686117
8353.548097632745
8353.673339472221
8354.395289585322
8354.558430685389
8356.137885634926
8356.577447685975
8360.297681819024
8360.406807496229
8364.367914486738
8367.709669431584
8367.915332058701
8368.259813990182
8374.687569449428
8376.389744917427
8376.456942625124
8376.610458429554
8382.81511394076
8386.38801335503
8387.369355342962
8387.771150302691
8388.017060939705
8388.296498330395
8389.479432631813
8390.73014036172
8394.757381770265
8395.11180302201
8395.503672212244
8395.99501349851
8397.101572858148
8399.057945735345
8400.759851756742
8402.126387376413
8402.271670486347
8402.437436284928
8405.44402226755
8409.65043668866
8412.103070021556
8415.080230100564
8415.935997453023
8417.167709713938
8418.91030247227
8419.82628466079
8420.509320087425
8425.31908070999
8426.39472404942
8426.489684394826
8427.632690905164
8435.657931286836
8438.071868075844
8441.010013942285
8441.424932714459
8441.583762072178
8442.3740624135
8442.625678224907
8442.715787400482
8443.429440703903
8443.577752332323
8444.44260181579
8447.39351952603
8448.112510647434
8448.76623426159
8448.910904863318
8450.538062752828
8452.88549252283
8453.03893275022
8455.081839049824
8458.486553358298
8460.079415791843
8460.389192032933
8460.984988280426
8462.97620077602
8463.526464602422
8464.288449426842
8464.448997248688
8464.726122103515
8465.523876485882
8467.66427179277
8468.51176266929
8469.22125937681
8470.235846231166
8470.881342611776
8471.08319570926
8471.89693268113
8472.36512497383
8472.741367755483
8473.378326943299
8474.225418706372
8475.074177437133
8477.164915278292
8478.203136277718
8480.186132845092
8481.921055100951
8482.353511624828
8486.06282741321
8486.958601847562
8487.10671001512
8490.833790223302
8490.973269867342
8491.109466133092
8491.184546899925
8492.168088853869
8493.359528021905
8493.5240231368
8495.894999047063
8496.012559305433
8496.094296339426
8496.211950740388
8502.680281779725
8507.129929157061
8507.922922570859
8510.874890225521
8511.26364826956
8512.60458946131
8513.2692585378
8513.605730626265
8514.0946281223
8514.910918576885
8516.177137329863
8516.957160325856
8517.090784129581
8518.674587596046
8518.929979510924
8519.359598782137
8521.688775578968
8522.38263381027
8524.270104474504
8524.390444065026
8525.191003869531
8525.3272317722
8525.713769268374
8526.348572748298
8527.180832897246
8528.415012844689
8528.651673479135
8529.864510444997
8529.983757853723
8530.08507259599
8531.287566108138
8532.809778606965
8535.257923901307
8536.529648068656
8536.584035517686
8537.157660290748
8537.90921608565
8539.161836232492
8540.362848577406
8543.557203154907
8543.772710495019
8545.588273194247
8545.765687329998
8546.098048668946
8547.585162040927
8548.812444492623
8550.281709529267
8550.456820989408
8551.07872566618
8551.67816717937
8553.013849429108
8555.583186586457
8555.90259717216
8556.816857122096
8557.42496230149
8558.568877815438
8559.596085028963
8559.7236734519
8560.374502545006
8560.50465364294
8561.731620176617
8562.135019066287
8562.507309638982
8564.7748066338
8565.555438903459
8566.503433096956
8567.655470665224
8570.754613620244
8571.39602504936
8572.122892637011
8572.189650522289
8572.472517620286
8573.921254071347
8574.744022113071
8576.579337023944
8576.71296692601
8577.136358343796
8577.458370181237
8578.149453954959
8578.588271008251
8578.769816671622
8579.110553760642
8579.323394346098
8579.373536768535
8579.82551293126
8580.139162351627
8580.434730651135
8580.716920007168
8581.046124299803
8581.332820031152
8581.62138237506
8582.204622982112
8582.674045510417
8583.073392601844
8583.41039032846
8583.921854246242
8584.280524910291
8584.406382477573
8585.066448434387
8585.193018803358
8586.016215556558
8587.092542282546
8587.642445834683
8587.705584443194
8588.349261518144
8588.435363121349
8589.381458113314
8589.859158522224
8590.818991237764
8591.102577591544
8591.204403693751
8591.79341992092
8592.512950493485
8592.71166445935
8593.775230956267
8594.01642205014
8594.165775464762
8594.980060831742
8595.778931976114
8597.680249676394
8598.921479316663
8602.689511786617
8604.720181591858
8604.777443949006
8606.392900166293
8607.613404426125
8607.762910047259
8607.876357753457
8607.947377271943
8609.172785836417
8610.051840403525
8610.293452629721
8610.86141235697
8611.347732967855
8612.023026377883
8612.187592914996
8613.060850834474
8613.814354966446
8613.949116825082
8614.790495192581
8614.901402188689
8615.630036689781
8616.361489599938
8617.574679646643
8618.675956281671
8618.807053103455
8618.915082769357
8619.46214555812
8619.58591598291
8619.706676725436
8620.872402164137
8622.10030726267
8623.874837707977
8624.106612800853
8624.837115265429
8625.275952955493
8625.739022911186
8626.686542029987
8627.307595977625
8629.349467613269
8630.204766903042
8630.434571676908
8631.417254900898
8632.676404330385
8634.254475969505
8634.552793816665
8634.63694247416
8634.808668693317
8635.973296666509
8636.082347485186
8639.479793974466
8639.50696010232
8642.455875883496
8643.35841574201
8643.595838559402
8644.501555739702
8645.583441749872
8646.355519956973
8646.849058059523
8647.067323963463
8647.875948029867
8648.68789573299
8649.183839624684
8651.957174422196
8652.08738092078
8652.193928418561
8653.023965451592
8653.322638342426
8653.558646062944
8654.725698687305
8659.451590212422
8659.887855534907
8660.35056246079
8660.642514213523
8662.44771473513
8663.616499908707
8665.355501415434
8669.967781025882
8672.996446244011
8674.169234852403
8674.490090105865
8675.306365338372
8675.709427569454
8677.001435358903
8677.558405588576
8678.352348192964
8679.017007316752
8680.045378906949
8680.723076492779
8681.698023521072
8683.32438449494
8683.688849535682
8684.717970868287
8686.0989216599
8687.1976562085
8688.713421638236
8688.914849382256
8691.542559228172
8692.304636582601
8692.852570232948
8696.110548709692
8697.069712467674
8697.948730507824
8700.861237494166
8701.48819501421
8702.664025739325
8704.72053643356
8705.71966077148
8706.533307938194
8706.6479631427
8706.992676023046
8708.188686807855
8709.167567809716
8709.268442959023
8710.327641039592
8710.45772745775
8712.557966569892
8712.708520183965
8712.876694626191
8714.249987182666
8714.458912928258
8715.140918660007
8716.997619810558
8717.434853072355
8718.015034697375
8718.105431242982
8718.3678279049
8718.502230584912
8720.741513584933
8720.997310795003
8723.174142236245
8728.079205014828
8729.290133570179
8729.434431614167
8738.272817250652
8739.249874077035
8742.067565364947
8743.045055908857
8743.905210391229
8744.540080592647
8744.962398223257
8745.745071887923
8746.466960478007
8747.27705601985
8747.534083406536
8749.712140865604
8752.886838286042
8753.0858946004
8753.358344686398
8753.803075229187
8754.26518136546
8754.88195674515
8755.15186725649
8755.750387540456
8759.262581746556
8761.634247598051
8762.52591158267
8763.782017672827
8763.833392790199
8764.444400525124
8765.613425275964
8767.16947198051
8767.998434375972
8771.268343633854
8771.947538563652
8773.36793567516
8773.823751279626
8774.083888997933
8774.840886777165
8774.918479556436
8774.997649654508
8775.40081248646
8775.881480790513
8777.692288741731
8778.301419759828
8779.15455722125
8780.31866971187
8780.395818779672
8781.305809242023
8781.390554769596
8781.47207860046
8782.735581993667
8782.843141218043
8782.937626941928
8783.044963257658
8784.54232181428
8785.235530946466
8788.507730283909
8789.305875402215
8790.112386133003
8791.36305424671
8792.214707087222
8792.463209935015
8794.640560809312
8795.928601207625
8796.960623773895
8797.50794072083
8800.31257196324
8800.699711948246
8803.758644174592
8804.836145000492
8811.104158799342
8811.43393218768
8811.62169867728
8813.480192411133
8813.620907936875
8814.162736627834
8814.258470479566
8814.579975485742
8814.691914755422
8815.793465193748
8818.926241668889
8820.169293254936
8820.354961932459
8820.94803293151
8822.777403996415
8824.299675294074
8824.817041445027
8827.513091307219
8827.713450960115
8827.960081721529
8828.06783004552
8831.43460717781
8831.65363592779
8839.703986609062
8842.133828857412
8844.518068028208
8849.497077931943
8851.511915561287
8854.291459632306
8855.92350371018
8857.361601440933
8857.541250532971
8859.190524304107
8861.490540156477
8864.654577091253
8870.236167230581
8870.386185546602
8872.024132969862
8872.084660451785
8872.26203552418
8874.1901926536
8875.137763544937
8876.69231517699
8876.825795838737
8878.46827166253
8880.09608046795
8881.462302703729
8891.157171202374
8891.277383371624
8892.533747120193
8895.314374297262
8897.571576761311
8899.954606638628
8900.528966117587
8902.210367185044
8904.05216994804
8905.579217766897
8909.298884085569
8910.097474606304
8912.729533500944
8913.306523547677
8915.0435884518
8919.553585952528
8922.707554214485
8925.53268796435
8927.417561044203
8927.726344680284
8928.843772029448
8930.21981374796
8936.908895850545
8937.580257078258
8940.914505557217
8942.043343319343
8944.924996299225
8945.341389008789
8946.073312167204
8954.415150738785
8957.132699173086
8959.282276740982
8960.08983409013
8960.210821617235
8962.124032426595
8964.668484562237
8966.332406571051
8966.62657684015
8966.989795370533
8969.34968900615
8969.706715675033
8971.93832682991
8973.798780997371
8974.581472522823
8974.641628854732
8975.34454359652
8978.017411176357
8982.719995295829
8987.080267368628
8987.232516599574
8988.874112237922
8990.338167056645
8992.217806657283
8992.561573155317
8992.851592979421
8993.252357320935
8993.597004572317
8993.876787683177
8994.155164865608
8994.451977546674
8994.811070860444
8996.339364166868
8999.819974178843
9000.66865493561
9002.749467305724
9003.54901195627
9003.672609300062
9007.503153448606
9007.74679550976
9012.181976202342
9012.955156364134
9014.861722073245
9018.537645972761
9018.64859256342
9021.807127264115
9021.90221916456
9027.349362951038
9030.850570452041
9031.097452250464
9031.19942335288
9031.303514961533
9031.432782627968
9035.917972739004
9037.395579591055
9038.027041463896
9038.148854215768
9038.763667706799
9039.37460360104
9041.208575003442
9042.809825273478
9043.122294544784
9043.62037526885
9045.309474570697
9045.395839869747
9047.253731466113
9047.396675865864
9048.01456780773
9048.400914631273
9051.465857827734
9052.603407782863
9052.820501404465
9054.233276083165
9054.397383657059
9054.756102104451
9055.44131711209
9056.377040845751
9058.364265226219
9060.089529746687
9062.543718412206
9063.17640987662
9063.380689281486
9064.235300307466
9066.81264186877
9067.349532974613
9067.64044607781
9070.00178329068
9070.105235977311
9073.026422122828
9077.895798741914
9080.823153642445
9083.080434410604
9084.365266491252
9084.715812187425
9085.015074345923
9085.95688123504
9086.713385769553
9086.819621899485
9086.95373016376
9088.960943120015
9089.794090939735
9091.118639857421
9091.654382301933
9091.695283487545
9092.111224560602
9092.333910469302
9095.845265214031
9096.686390357
9100.358913009564
9101.385185828352
9103.599770550305
9103.732781395092
9104.797803561562
9105.93468471236
9106.123218608718
9106.440158807427
9107.45282301391
9108.172648033486
9108.301890572053
9109.038866552679
9109.325497708744
9109.592904548912
9110.030179004214
9110.61518327419
9111.452427812072
9112.568936469186
9114.242915260795
9115.134847277557
9116.569059712503
9120.335374058968
9120.737108253696
9120.937861567663
9122.047443645022
9122.99899536922
9126.23604836319
9127.036030239025
9128.065506974463
9129.815188573846
9132.08252250971
9133.042914525404
9134.324684937783
9134.625574733998
9134.965390013755
9135.373293118566
9135.739043556256
9135.997755805018
9136.274591879774
9136.608570461576
9136.910609973449
9138.312673757137
9138.520978614013
9140.13203733567
9141.528856025723
9144.093973262865
9144.188165416586
9145.173009016302
9145.92464045963
9146.35503313949
9147.185734361074
9147.31176511882
9147.38487191281
9147.516232286567
9147.86853903349
9148.179346487444
9148.831130809574
9149.093478530425
9150.136066124884
9150.243979190656
9151.773162920443
9152.866568289666
9153.019842572627
9156.882813344037
9157.778218670634
9158.43623635885
9159.075741375991
9159.888164300348
9161.291729502243
9162.85594631288
9163.07705790851
9165.159856663007
9167.426876981106
9168.28849981805
9168.739652648885
9169.557595522556
9170.239531932644
9170.744385309596
9171.420760055942
9172.704727489896
9172.826010141955
9173.0415378585
9173.15035989891
9174.326210387808
9176.414315530163
9177.14022032944
9178.107308715473
9179.541544052521
9180.570848122863
9181.030233548401
9182.300640357422
9183.813828062477
9183.965525232523
9185.087770737146
9185.784497162143
9185.90253664149
9186.634176162797
9187.582311855893
9189.03252498461
9190.016968018434
9190.424056629718
9192.302286646547
9193.54015291468
9194.834123607645
9195.010611738495
9196.47461283244
9197.690441201665
9199.869830294945
9200.90179498254
9201.091146185063
9201.432855290117
9202.727351617843
9203.275979521306
9203.671759752566
9204.157738909476
9211.06202076513
9211.933698510058
9212.392570768296
9213.053508337609
9213.129810024164
9214.397738570808
9215.102481609256
9216.087535683533
9216.152984139298
9217.181225940163
9217.229680701252
9217.93806627453
9218.823176410187
9220.640452948051
9221.116636596369
9221.482825590481
9221.840414167455
9223.023337628141
9223.893060703109
9225.48551807252
9226.41516880036
9227.26868985912
9229.24202097201
9229.722693853635
9229.886201143916
9230.891862702405
9231.032863896155
9231.995877530848
9232.387448414373
9232.536504780132
9232.782668662758
9233.45800329175
9233.620872134457
9234.788185624577
9235.760007113131
9238.314359470714
9238.493667440562
9239.962852342655
9240.952726789565
9241.648277977873
9242.890782633463
9243.34885568439
9245.069409882566
9245.900574050525
9246.327149903822
9247.18052635202
9248.055894511981
9248.728261325045
9249.578854901432
9250.39420468015
9252.562840933064
9253.383396469086
9254.27142747958
9256.122045231494
9256.32900540897
9256.467271269024
9258.633566611088
9259.161330360816
9260.702491256188
9265.120255821854
9265.338234322766
9266.935037508898
9270.421812857348
9274.121682442485
9275.60374911288
9276.382291085503
9276.469837275547
9281.295828208657
9284.551529516122
9285.568899778546
9286.210353009401
9286.406810440774
9287.023424289515
9287.231970675031
9287.559116030698
9288.075507224106
9288.77237355333
9289.133463887078
9290.237839811638
9290.570026739999
9291.333602787141
9291.944279701096
9292.297502574913
9293.234102082832
9293.909216487707
9294.51059990656
9294.722670009412
9295.017760555484
9295.803288169527
9297.022228964632
9298.386229927804
9299.038347669322
9299.49287169284
9300.596838194662
9301.477383268208
9301.99609252266
9303.112076583253
9303.770788657677
9304.523145265368
9305.418214721172
9306.175407881366
9306.30929777011
9306.445869049468
9307.092698513141
9308.524140946565
9308.888285165833
9309.155922514748
9310.121887628738
9311.507380706751
9311.770502131614
9315.226534976462
9316.097664733788
9316.237367079488
9316.305671334443
9320.148324712365
9323.124789927533
9324.761471710553
9325.067172200528
9327.457680824175
9328.557270714711
9329.85329389405
9331.765662975322
9334.32469295192
9336.478258283092
9338.154466021004
9339.438734173447
9339.673189585115
9339.817255981296
9340.889686805724
9342.051822579619
9342.948224563232
9343.058484810983
9344.380770188614
9345.330821047484
9346.025098094786
9347.918657426253
9348.273615988594
9349.092819251118
9349.539569159708
9350.561633901149
9351.38145650249
9351.546991032545
9351.694492699233
9352.50179712446
9353.433802115782
9354.058221369276
9354.486773705337
9355.4228068601
9357.016146382171
9358.154439991737
9358.25684944217
9359.35291735426
9360.129850113075
9360.3518528422
9360.791337353356
9361.195483683428
9361.427493331967
9362.824080993765
9366.140982674786
9366.384344109112
9368.693185886046
9369.295499091999
9370.311373709203
9370.479962817437
9373.957505319913
9374.248307631891
9375.002866665247
9375.260751824086
9378.200236107452
9379.603174837235
9383.911875476742
9384.53942082537
9385.379138416354
9387.57827604169
9387.713987832514
9388.579835812177
9389.314711154395
9394.314703459448
9394.535338869942
9395.148335872369
9395.88989765898
9396.259200935549
9396.543392824311
9396.679676283771
9397.103876186973
9398.399837959361
9398.479328639114
9399.83354137422
9400.185204695978
9401.00590065424
9402.11720211117
9403.075803726337
9407.019051491721
9407.169609097633
9408.273201102485
9409.70687767328
9409.903964567264
9411.028858983918
9413.015284467887
9413.90852628434
9414.78466320411
9416.460620529384
9416.663822243298
9419.183122536764
9419.98891253865
9420.14220794323
9420.929319323903
9423.356098932987
9423.72076882273
9423.858341403778
9425.172556366264
9426.94219014562
9427.63195855534
9428.185794071947
9428.691885311959
9430.233602144506
9431.696343004538
9432.709195347361
9432.798113892604
9437.447602302545
9439.180503226524
9443.04063934738
9443.443399697084
9443.534536150322
9446.628487629398
9446.934906516039
9448.676015096655
9448.828064082278
9448.977415176963
9449.466310063659
9451.370575915662
9453.846414744683
9454.015822944275
9454.988403359379
9455.5502022294
9455.749932530962
9458.6046154094
9461.424342721015
9465.379919145193
9468.312583113964
9468.502057820884
9470.994998645234
9472.833943907064
9472.907980508586
9475.819154509009
9475.966323256655
9479.033883456103
9480.91462843179
9481.838964300936
9483.353365251942
9484.64339218926
9486.305888710645
9489.154727292174
9489.247681288103
9489.603478584402
9489.708289912387
9491.215225085565
9492.142229745006
9492.459655181625
9494.322696222594
9497.126342014477
9498.046908879505
9501.573922929523
9501.679576783938
9502.852474691254
9503.05512636434
9503.721838218446
9507.74355923467
9507.900907553481
9508.267676290023
9510.156685269958
9510.325962672354
9512.507896023191
9520.077946273488
9532.743495640818
9533.344139654084
9537.96366612295
9539.110649312903
9542.28252232749
9543.863093844477
9544.469813935342
9545.153449741974
9546.679463704404
9547.126515692118
9547.280580361328
9547.453374679015
9547.745253321102
9548.156690417185
9548.49591022823
9548.784135621521
9549.060904713962
9549.393930107823
9549.679666446067
9550.192043523935
9551.438716697312
9552.527122687998
9558.293490877964
9558.48943246405
9560.177254974727
9560.364306883388
9562.081346464738
9566.901460067638
9567.062486233173
9567.174284582901
9569.470613851145
9569.623901920993
9572.874350647899
9572.940448884368
9573.789150307226
9573.882172260039
9576.192899231586
9580.160598624454
9581.187972342777
9581.844155464538
9582.053877693967
9582.28970698787
9583.115198923992
9587.602320960874
9587.708589250906
9592.30630916359
9596.133284781372
9596.25725080489
9597.882800478837
9597.959585157829
9598.161546555177
9599.089861293462
9599.260102117698
9601.040995318479
9602.792769693713
9603.139595262795
9605.894959103502
9608.725558857643
9610.259374143054
9610.864745167628
9612.220116492568
9612.397291124356
9620.597560829603
9626.928818837743
9632.10156724326
9633.753419606319
9634.727424559405
9634.801857385106
9635.080248043132
9638.675590783785
9640.116739857338
9642.129576078993
9648.691161896199
9650.444454144992
9650.586133906467
9657.380788851939
9657.514112678477
9665.946197180918
9669.632879004821
9670.30458780915
9670.408664927349
9672.654901099238
9673.710885908857
9675.011220338218
9676.230516260262
9678.47580253966
9679.994127944103
9680.736995970901
9681.589706067703
9682.897404369443
9685.691052463957
9687.30087218585
9688.227761124022
9690.853951925706
9691.451605075752
9692.460891212904
9693.282254963993
9693.775418714
9693.952938769984
9694.42003870392
9695.375505415486
9695.818270291285
9696.414586033681
9697.001816489259
9697.872132388036
9699.961988640242
9703.185005292591
9704.232800980622
9704.644251291924
9709.033897184117
9715.882620461984
9715.951776988428
9716.31015808941
9717.194261017787
9718.308773133242
9719.19803525603
9720.033220025953
9720.297676733042
9721.3727756151
9721.957635702885
9722.779404711455
9723.944087184153
9724.433356442647
9727.233743978912
9728.236353229811
9729.375161290298
9730.400822463705
9731.169162880336
9731.53514143399
9732.156940655534
9733.095611647512
9734.7702436816
9738.222131716508
9738.783953312755
9738.971909471744
9739.394417712345
9739.578933488549
9741.341750978088
9743.156973312189
9744.46942742111
9744.697334222747
9745.17197301368
9747.358834785311
9748.129014793245
9748.515489469744
9749.046160304795
9749.701178734284
9750.59567620308
9751.516554104828
9752.1852513668
9752.83870014225
9754.110224595319
9754.295485646377
9754.438025967538
9756.072743453595
9756.193917343258
9757.062596882526
9757.500976425083
9757.431652179226
9759.63710646045
9759.70197480842
9761.079346872191
9763.298042472008
9764.990274971926
9765.949645647686
9766.591477826687
9768.148886415034
9768.614460234423
9769.707712241892
9772.74749950058
9776.06314371015
9777.403863405008
9777.745539580512
9778.260484414337
9781.164992804244
9781.259992457171
9782.34893186533
9789.115474087073
9789.980083533015
9790.738990289514
9791.785023799373
9791.947632812662
9792.25495812295
9792.99826710468
9793.261868568052
9793.374572319857
9794.078903592845
9794.944434259663
9795.70150895042
9796.39859066881
9798.029281425364
9798.14776491349
9798.244481454361
9798.668003318644
9798.910174426914
9801.869159268621
9804.078657786285
9804.778296343691
9804.91843943499
9805.216076869388
9807.57187532877
9811.187036422476
9820.987845256192
9821.134536261809
9821.271951489094
9825.125476554425
9830.618800703298
9839.385602576367
9840.142524670948
9840.83477856071
9843.698895543752
9845.104747051613
9845.222489563776
9846.38007415531
9850.874115680905
9851.904354021113
9852.12100844704
9852.425180935514
9852.522937739745
9852.958086981575
9854.574745512497
9856.106423306806
9857.842482399812
9860.325307332392
9863.025145069558
9867.257691705641
9867.844218206586
9869.39498086331
9871.077727592681
9878.453171794963
9878.82169481126
9880.060218474388
9880.260932075831
9880.84841507724
9881.564392443168
9882.287503919179
9886.806575409644
9887.726703111044
9887.7847251079
9889.917869400728
9894.012546532947
9894.573673594288
9895.271540265454
9895.908054092912
9899.871163836233
9902.43707086979
9903.8374120542
9904.391951228976
9904.458377298026
9904.851350382347
9906.251930281514
9906.303035591978
9908.398416300917
9913.92413445815
9914.026916574698
9915.44559199818
9916.377132360787
9916.456448601424
9916.654372000883
9916.740322605972
9919.011120807892
9920.78330442488
9921.385313025354
9922.248846456298
9922.408780964712
9923.111774928548
9923.247112087198
9924.526094941732
9924.98672886997
9925.174710702528
9925.54515270078
9926.391027645619
9927.13336349917
9927.841970086132
9932.865150897398
9935.013304485008
9939.156126527601
9939.924291745278
9940.064323684936
9940.62832310743
9941.30733406398
9942.086455473722
9942.45772829623
9949.417185136388
9949.769362885745
9949.929670486223
9950.656053055549
9952.18809709718
9952.397186414799
9952.760453077692
9952.961048707264
9953.395530156258
9953.92877758883
9954.304650051175
9954.535552114261
9956.420845603614
9956.71835743745
9957.102736020408
9957.341441433207
9957.83354180629
9958.322738366189
9958.530337114698
9958.969568142988
9960.56620026136
9960.911864055413
9961.187268254134
9961.610924911245
9961.956650638273
9962.237071464266
9962.495992559176
9962.8462511974
9963.135974251052
9963.646826945569
9965.999962558528
9967.32401160456
9967.556410382684
9967.826531592911
9968.294075667289
9968.39674109152
9968.98347202328
9969.847884745266
9970.019531928196
9973.55791571106
9976.21798436373
9977.084478367678
9980.263223026286
9980.513480137368
9981.941539162444
9986.466386801167
9988.761722215579
9989.016238296694
9989.991197465322
9990.669561581088
9990.812106154857
9991.756249750208
9992.618393260893
9998.536101932137
9998.806691822647
9998.976277303997
9999.630051011103
9999.99858221033
10001.84700482458
10005.046895443176
10005.189974100771
10007.851259698502
10009.672634035165
10010.07897321686
10010.402120477422
10011.1928262646
10013.697785691931
10013.753333078459
10015.863060170399
10015.918113988115
10017.0600707611
10018.10237260822
10019.360238732592
10021.4870437117
10022.392493570871
10022.601062059086
10029.70126687788
10029.847756463634
10032.770129890592
10033.551924828123
10034.071072921462
10038.940464312114
10041.370390224016
10041.598671129585
10042.292538385438
10043.190922230757
10043.30603647437
10044.309228771852
10044.46120802433
10045.109526819102
10050.152596787242
10051.10527921964
10051.2097633485
10051.378738420524
10051.561717315635
10052.686903574155
10054.84110651506
10055.541014107548
10056.100534257273
10057.238107662472
10058.061262563418
10058.840111876758
10061.440762500051
10063.157739361017
10064.893435210144
10065.498428771849
10065.921099376876
10068.017115978602
10069.056012791174
10071.666367961947
10073.450329992227
10073.774270130541
10075.704234116607
10076.038334413373
10076.175178302312
10077.366551079884
10078.7292077442
10080.597894117067
10083.58964488602
10086.635865920722
10087.247394861446
10087.409231394757
10089.55684892501
10092.675505436184
10093.387857111085
10094.63154109673
10094.662981170051
10095.297992082442
10096.228684727776
10097.078500201109
10098.870485567735
10099.178665851836
10099.86813409059
10100.90437497117
10101.543562445548
10101.730637814586
10102.40764430336
10102.575564070217
10102.731339659267
10103.009814231667
10103.334302701665
10103.78000619065
10104.08196319583
10104.674468860683
10104.970629290645
10105.509376051948
10105.697696451654
10107.800790641952
10111.95131784835
10112.41462569428
10112.780183576167
10114.51814440929
10114.67619349878
10115.223241817106
10115.939049735296
10116.023998187076
10116.75816066279
10119.923806447545
10121.306290429666
10122.184406090922
10122.860053852713
10123.727711898979
10123.87140447626
10126.998692223056
10129.149755598697
10130.823920128294
10132.064474560231
10132.417703203508
10132.481423643632
10135.163919799656
10138.514215911724
10145.875767711854
10146.145547020378
10146.656282329248
10147.538425897637
10147.893283743217
10150.008330379154
10150.320862851167
10150.368628138785
10151.798492386088
10152.844026949855
10153.914129222783
10154.01384126004
10158.873701689608
10162.024933200666
10163.467287908885
10163.995465188005
10165.689435135426
10168.076683408493
10171.786517055922
10173.210803843382
10173.717541055425
10177.759784335172
10179.619712821073
10181.262595833017
10181.79127531445
10182.279502258829
10183.491355089685
10183.718044390052
10187.95019645184
10188.116215009406
10188.292635722599
10190.645729163833
10190.796256929385
10191.022363353173
10191.182577422338
10192.354745692224
10194.234242639171
10195.990595470557
10196.095453673039
10196.556680819062
10197.54001828415
10197.750537023048
10198.430896823491
10200.13327666125
10200.20892346675
10202.24672914619
10204.862201563908
10204.92814847519
10206.486974662625
10207.348684548428
10207.909295414704
10209.774708876459
10212.649136851875
10212.837811771391
10214.171354234233
10214.630936224657
10222.10650690908
10222.25064780322
10223.70874724141
10223.962797910879
10224.361025646474
10225.539587488036
10227.195257393729
10228.617954668534
10232.084973328037
10233.316104133602
10233.958966290953
10234.468163625234
10235.208807291752
10236.882035626011
10239.168255259347
10239.766586956748
10242.701141840093
10246.372266460201
10247.34690917425
10247.479364472694
10248.44710966863
10249.469750916924
10249.541705038713
10251.979761828907
10252.12001135051
10253.296648764286
10253.61077737168
10254.244936125426
10254.462602576494
10254.890548942027
10260.889248517327
10263.156483408362
10263.9734472557
10264.626431957926
10265.498688674117
10265.845845231115
10267.121478015952
10275.3672032825
10282.128534810894
10283.171872755096
10286.881957564974
10287.106095342973
10290.28349862435
10292.600317427055
10293.055820481788
10294.922050439669
10298.499664015839
10302.331183001335
10303.116363812032
10303.436475688373
10304.737877239922
10311.55665008295
10316.619248618344
10316.783329552123
10317.462715946034
10319.423415829433
10319.933546437138
10320.045216946028
10320.251506139171
10324.493612378757
10327.624094284394
10328.79687067148
10328.943071096623
10332.931186612506
10333.012449240327
10333.915373107973
10333.952099518357
10335.822396860909
10335.886860831914
10336.910407943858
10337.074257952978
10337.222102660635
10337.343291180274
10338.12577039809
10338.355827707734
10339.292483120713
10343.928876469014
10344.803140476524
10348.331924796787
10349.398331159564
10353.673345967103
10355.038438711908
10360.02633502573
10361.780310221142
10362.352879984745
10363.113382217754
10364.111921122256
10368.950700082401
10375.68112522681
10377.773859958394
10381.289129010886
10381.413032980025
10384.260129789303
10386.080906713429
10386.870201045931
10387.020534847223
10391.533435337145
10392.011921483067
10392.222249870238
10401.296902432816
10403.82829982079
10405.568314876344
10407.533177223639
10410.193770038943
10412.747886932584
10414.451492345874
10415.03305555024
10416.454510370571
10417.086036507246
10417.469018190308
10418.198457862121
10427.195758452046
10430.192816279066
10433.619123410353
10434.692547159693
10436.419763047052
10441.168666352632
10443.191032880355
10443.32191966117
10443.83303339833
10444.596940932322
10445.610061117202
10446.057658658234
10447.384574848593
10448.41213212899
10448.496707840175
10448.555872928864
10448.629303772681
10448.728931676798
10448.77426356689
10452.489826696254
10452.946495827293
10453.645139943133
10455.275016334073
10455.443415641215
10456.253682664592
10457.386041330723
10459.242981994277
10460.895115479972
10469.61280795215
10469.861120980282
10471.162675975564
10477.812516295564
10478.967080411096
10482.879157643736
10485.130233087157
10486.446833829517
10488.276880611618
10489.096435831527
10491.641804081348
10492.558128250384
10493.789329024155
10494.901137649307
10500.5688079187
10502.219322641788
10503.11440654543
10504.444255377255
10506.250674528941
10506.600233716512
10506.913611032338
10509.829599730665
10511.206743549648
10515.44829016125
10515.789251203987
10516.079768906538
10516.492556960244
10516.83112294256
10517.119388148365
10517.334910990267
10517.723279683349
10518.002348497363
10518.434514489058
10518.59314081439
10519.439913738805
10519.840198074984
10521.372904929287
10522.841949063646
10524.229009730136
10525.175042765311
10527.47323170443
10529.3172520954
10529.592774112436
10529.70885149179
10530.005338074801
10530.120116939475
10530.996847051581
10533.37877500011
10537.062139912849
10537.286702586318
10538.080130954546
10538.398125871674
10538.552008887247
10545.206274570064
10547.186318557411
10548.229357635373
10548.437736520404
10549.417898386497
10552.60533190511
10561.718173049481
10562.872913853227
10563.949908450155
10564.406761483151
10564.812559953847
10565.555666603514
10566.028643595666
10566.139369913153
10566.315930423878
10566.421365092243
10567.933712741384
10567.994580693483
10569.620063741184
10570.248632010136
10570.283985168051
10570.943784419132
10571.659441856014
10573.117300024804
10573.230434111501
10574.599624871624
10577.32840647412
10579.428775593111
10580.587168759013
10582.233444996915
10582.485638511465
10582.777950607993
10585.453722202645
10585.534687913456
10586.819352422772
10588.199691424776
10589.187308740426
10593.85040468618
10595.511758729557
10595.792554063835
10596.34769524886
10600.175867698352
10600.529496631805
10602.228957341844
10602.391656772148
10602.73361105439
10603.593579972256
10604.504656806392
10606.571653226143
10607.500782299521
10609.720462391357
10610.423966015023
10610.5423246278
10610.698878364701
10611.356915803397
10611.535005051765
10612.327029192547
10612.978520138227
10613.104147848766
10614.801976910134
10615.466281540073
10616.115010795907
10618.084497035676
10619.267058537444
10620.871432512302
10622.297359088756
10623.394103738221
10624.381443075841
10626.405826365819
10626.829084045698
10628.160702065468
10628.633528188593
10628.799335475287
10630.406451989213
10631.243033135332
10632.262594523983
10633.570315341934
10636.943756691
10637.190800858227
10637.43512116113
10638.419412256058
10639.052317750431
10640.248622269322
10640.387914672521
10640.463342067378
10641.109611317828
10641.27477091654
10646.156076206818
10647.459743242605
10647.893074475789
10648.683720667666
10648.831841395528
10648.934452366806
10649.4818752902
10652.368475023894
10652.731783199366
10653.805653537134
10653.96885337986
10654.859315592666
10655.96165106208
10656.13607835025
10656.715285892802
10657.441941330952
10657.568537119181
10657.672764139634
10657.841335507515
10658.710344548092
10659.097525472474
10659.438761942065
10659.746226081643
10660.170699396673
10660.409638480212
10660.503645119928
10660.755183194364
10661.096456192165
10661.379205564372
10662.467197433556
10663.377100270745
10663.742543909384
10666.73375070382
10668.551888619342
10669.324528949475
10671.261195004827
10672.107638377685
10672.716335532848
10676.289282007969
10676.673348377295
10676.944289830792
10678.195793339331
10678.241821733369
10678.577805201081
10679.961104016942
10681.81980327356
10682.328309723713
10682.391892717113
10688.094461626788
10693.576069585386
10694.007993015515
10699.99105605409
10700.217196881247
10707.897260668224
10708.359714546677
10708.488643279525
10708.6262427199
10711.442969627262
10711.603621051203
10722.906669342387
10724.837864367693
10726.190197786933
10726.331357730232
10726.935299470468
10727.111696163509
10728.96906820707
10732.143051465959
10732.785295036314
10736.426408200561
10737.5668763416
10738.16444922158
10739.202120572225
10740.031912165921
10740.602887338633
10741.458919401317
10748.759600803001
10750.319865226998
10751.639441644109
10756.424841714694
10756.473209549942
10756.79070753094
10756.922722917596
10760.259739127521
10760.360336062735
10762.71334092113
10765.22628876332
10771.022329796768
10778.100802893354
10778.656267591152
10778.694165351624
10779.610261375972
10783.332432430421
10783.585127503944
10787.483766896838
10788.33354490749
10789.422705401856
10791.57796532274
10794.759989342321
10795.69758611483
10798.276757326546
10799.043424994128
10799.54228505308
10802.08661180791
10805.573569665892
10807.672121975851
10811.458033305456
10811.926317587566
10812.34212201372
10819.89323042649
10821.448276651134
10821.601866507368
10821.765761120749
10822.778550267503
10824.757025140743
10824.970505952642
10827.171373111127
10828.510771569105
10829.665333197172
10833.416273905126
10835.96065381662
10836.895637547317
10837.324117683698
10841.58005408661
10842.007868216628
10842.056966788672
10842.764355477228
10844.708074958426
10845.069003052236
10845.396046996242
10845.557472606313
10845.775062516926
10845.98394515493
10846.431131558016
10847.747509829063
10852.21544345014
10853.235375851955
10854.450606913935
10857.318065587127
10859.199944666898
10859.922972474302
10860.548006487277
10862.390484635887
10863.356192001464
10864.54296607622
10864.739525361483
10864.793151701924
10866.234093558041
10868.643752998514
10869.514266796548
10870.345562946133
10870.526069732974
10870.983182516102
10871.60088131364
10873.71204778618
10875.02185581198
10875.743058623873
10876.317910547687
10876.668356232596
10881.293292009017
10881.394361585097
10882.745345794543
10888.383986789657
10889.35314149032
10892.545565785793
10899.378548858433
10899.547252415876
10900.99866791551
10901.33646014355
10902.748693096128
10904.88222662614
10905.247697058043
10908.195896271915
10909.228233786456
10909.675611803557
10910.791467188401
10910.95775966681
10911.16235497551
10911.227984535419
10911.271088945063
10913.135625889723
10913.23313855422
10915.19080954286
10915.459818227557
10916.227046695827
10916.887826615855
10917.026711923714
10917.906468791516
10918.720244556518
10918.865387425578
10919.362298592505
10920.408834516786
10921.141208406963
10922.156061127245
10923.162706513263
10923.345631063248
10923.390478478155
10923.932614183117
10925.240550433655
10926.117663060822
10927.122282302575
10928.885787947473
10929.22619082474
10929.500314847559
10929.936077753944
10930.282428062934
10930.558877124005
10931.15961927227
10931.43479035667
10933.76570574216
10935.337397562282
10940.380258252684
10940.4790003482
10941.301224666666
10943.901750112958
10945.753942626368
10947.006694190835
10947.348581991433
10948.826359595281
10951.870007049842
10953.120054772899
10955.52013646212
10956.366826720769
10957.489884092547
10963.992342695054
10965.036633710815
10965.143144649446
10969.182935604145
10970.052602788139
10970.800059543673
10971.853830572878
10972.535597336506
10972.666116396173
10972.810684707598
10972.90505443796
10973.466981593938
10974.155287821419
10975.025141943432
10975.77236298841
10978.44670524412
10978.569828807274
10979.15883871864
10979.430757449612
10981.206006167959
10981.858623913393
10985.569396308945
10986.142409557264
10990.498134911659
10991.830920725555
10995.78903874827
10999.935471521472
10999.99454702028
11001.841171428474
11004.779396175289
11005.683925279223
11007.029836962272
11010.658305970941
11011.329367686343
11011.566138797483
11015.471327048192
11017.350544116813
11017.454549779839
11024.556729438082
11029.294493251271
11029.372980430955
11029.441511443209
11030.512028621319
11034.09262680075
11034.467514770375
11034.855868827706
11035.53105156017
11036.986104806983
11037.7384045402
11037.990916065371
11038.097159590492
11042.393348593423
11043.75071826264
11049.894703888203
11050.519101585412
11050.636939053238
11051.946826976584
11052.40395305167
11053.251197642097
11055.317034590542
11060.899460300967
11067.932923929444
11070.586445526957
11070.915661419514
11071.203381337116
11071.627910935764
11071.961148805656
11072.248717392169
11072.85140673908
11073.14963185958
11074.690892306817
11077.305858198695
11077.505057714832
11078.33608766799
11078.952902759102
11079.294283935009
11081.737519749975
11081.890000746675
11082.241798178262
11082.70932084855
11083.58608534961
11083.990567587914
11084.563313108956
11085.083811145223
11085.527457531101
11085.719518084712
11086.748957121266
11087.274214341183
11087.673669284693
11088.268463738807
11088.455928517214
11091.938502592458
11092.20865073942
11092.593184002042
11094.058439013357
11095.837865795802
11096.183496839643
11097.78082623932
11098.344806091467
11098.417517339632
11098.492549062636
11098.569079789744
11098.649693777113
11098.7345862002
11099.769926412877
11099.885961450005
11099.997627229382
11100.295670527743
11100.698287076106
11102.061120585231
11104.176759164839
11110.928845536915
11111.351185737576
11113.732480407072
11114.025843241325
11119.771291419207
11133.056138997797
11133.797184833824
11135.455439409177
11136.222112396714
11136.898714451077
11137.700179462401
11138.315519845182
11138.730388589398
11141.084944217693
11142.805487330641
11143.618547507489
11143.677662970254
11145.64878306807
11148.806918419416
11151.386231617
11158.201293439142
11160.070927229117
11161.152757611018
11164.188259080604
11164.660161942153
11164.996382087204
11165.311881687023
11167.769845412058
11168.022553625866
11171.709928754117
11173.568646955931
11173.669304620786
11173.808871946918
11179.59587941956
11181.791036361463
11184.109315091855
11186.619969733834
11187.602908521116
11187.77444098323
11190.594681364111
11191.279848031614
11193.06177652667
11194.184003654782
11197.767901699914
11199.296481238787
11200.571873862506
11202.466211493169
11202.61389647048
11205.87561622642
11206.048916506166
11206.510504002925
11206.596245879227
11212.097563868272
11213.408756318619
11214.040822613668
11214.198313447458
11214.324068516149
11214.428342499144
11214.495148765169
11215.49138657262
11218.640366575726
11224.915915611124
11226.510001240664
11228.870892172963
11229.617975773583
11231.661031917716
11232.709310103466
11232.934040463339
11235.155804084292
11236.70087183776
11237.519469626062
11237.858701905323
11238.147486197098
11239.942658510136
11240.377359215106
11241.019742436916
11244.30968568478
11244.533877280852
11244.797547591932
11247.973926687233
11248.029138168338
11251.72691051456
11251.99193308374
11252.048380348442
11252.506762086514
11254.709624916188
11254.836959683438
11254.940807141678
11256.030443051028
11256.23702726545
11257.709148525739
11258.040739006525
11258.73270331097
11260.510837846434
11260.754606453653
11261.859209197053
11263.42989916214
11263.69159484077
11265.253980423193
11266.123260360415
11266.348909836515
11272.460648534265
11276.140353251929
11276.259270512963
11278.416160253702
11280.67971327318
11281.002375415184
11281.45832854962
11284.002681902386
11286.14804908177
11287.528967635117
11287.620374025859
11288.408102950687
11296.41941476451
11300.083205149638
11301.382650030278
11301.490089777111
11301.585638365006
11303.4391770569
11304.996944088312
11306.418596513788
11308.988750813942
11312.226504264943
11315.551350663547
11315.580206286466
11315.950283226395
11322.44722338532
11322.6582711342
11326.004046355049
11326.654949829204
11326.809454965996
11327.373424134397
11327.453605657649
11328.43863539541
11330.809308328126
11330.985130252786
11331.025464404087
11331.643625908455
11332.315679737883
11335.566782167149
11335.696989113661
11336.320315303517
11338.038412580674
11339.262119584533
11341.936152110995
11342.100820119034
11343.79074216027
11344.023658370148
11344.335875027129
11344.89037013355
11345.338728822622
11346.095298625642
11346.93350356035
11347.673748755846
11347.927076586042
11348.406339863572
11351.091260480967
11354.567090048857
11355.3298927829
11358.867231299502
11359.238989326932
11359.38790097117
11366.316286661397
11369.734746892214
11370.13513026186
11373.728323854857
11374.47542771269
11377.44405757267
11378.828846845909
11378.883809698897
11379.240070978052
11379.32701865162
11379.552373332534
11379.815783393433
11380.634471043086
11390.434599199687
11396.116878576728
11396.550486800727
11397.399103139716
11397.576341549284
11401.069572319711
11402.287860371795
11402.476766146223
11403.0219544493
11404.195891197356
11407.601769118439
11407.69551273714
11408.368428775035
11410.89492536608
11412.506753830019
11414.058639632125
11418.074113356315
11420.453630430087
11421.100253394878
11423.567582671103
11424.586139931725
11424.684965764582
11425.519089460638
11426.63929799593
11426.710319950114
11428.451181110246
11434.146287781854
11434.498240401188
11437.131361958596
11438.319106578207
11438.377847346015
11438.71697809027
11438.765787925728
11438.89880500592
11440.573747301496
11440.642825097691
11442.372821056208
11442.522178261263
11448.76035333287
11450.269764539913
11456.801812922784
11460.472020889603
11461.677543263162
11462.789114523197
11463.155736322962
11464.036067182706
11464.65404491071
11468.40099467769
11470.503722419298
11473.74194666214
11475.117715985027
11476.855301628872
11477.57753341624
11477.788647804917
11480.080689937182
11480.943773741014
11481.300140091555
11483.753066515777
11484.091915237956
11484.38370069379
11484.807223883485
11485.147361716867
11485.428968048964
11486.028934256818
11486.304906354006
11486.630605875465
11487.484064109796
11488.361535879318
11488.451530966491
11498.78463851174
11505.41402980068
11506.111134380877
11506.711541485094
11508.959959502152
11509.11720392754
11509.408683353393
11509.860065003182
11510.031002767264
11511.440608298848
11512.43780912264
11512.785687345744
11513.585316767036
11516.481098003926
11516.596455026161
11517.826365901597
11517.865784548772
11517.972374119614
11518.012831052265
11519.84430185947
11521.2678843389
11521.481607157457
11522.320775479575
11523.667702502222
11524.005153510927
11524.143841972917
11524.260707658254
11524.377730708484
11525.761994557484
11527.06664307535
11527.165753637992
11527.992230904665
11528.105341358905
11528.238623371226
11530.004931539754
11530.679647668512
11530.881808829667
11531.098888119328
11531.313380481275
11532.984633014614
11534.329396084677
11546.64281350878
11550.943862415086
11551.075174347425
11551.561228232309
11552.593872476666
11553.357030172725
11554.34570620812
11555.18159640504
11556.08784835273
11556.125883680985
11556.24996506883
11557.881501047272
11559.690206737683
11560.630409313202
11564.957582125126
11566.761696085756
11566.826715915251
11567.048432438183
11569.118521187364
11569.216803513853
11569.890098717116
11570.581918501359
11573.282189312273
11573.358669567437
11574.20491187851
11574.239333718804
11575.177286220904
11575.898076166197
11577.016480436137
11577.1421725564
11577.828722528717
11577.894408997812
11584.050819370654
11584.125579384012
11584.916944447821
11585.86550024676
11585.950881112143
11586.215325582963
11587.031500032139
11588.159724852429
11588.938613128752
11591.401737011925
11592.520180017653
11596.644028572056
11602.247052845241
11602.80238181268
11602.864786438731
11605.776588233708
11614.46246294413
11619.778955286112
11621.623664293866
11622.69163317224
11622.799898836656
11624.492405043586
11625.186188179492
11625.270043825625
11626.573132982296
11626.912479163428
11627.192259323787
11627.624602348867
11627.957113231656
11628.253542847217
11628.659117997177
11628.849042001046
11631.800061464332
11634.83547180798
11636.461744673612
11644.628892960458
11645.846210546835
11646.537216707848
11647.089303701678
11647.5504136576
11653.019774049282
11654.261360065495
11657.134535122937
11660.15574431279
11661.013065383513
11662.320152307846
11665.463487243422
11666.611589123806
11669.932794004211
11671.233691470088
11672.060909854103
11672.47908179171
11673.320912191934
11673.66843996649
11674.489915372447
11675.616167854898
11675.783769809434
11677.016363513578
11677.963982577263
11678.098695816716
11679.02316897866
11679.222039591737
11680.605622903646
11681.987718276592
11682.122378135527
11682.660059363636
11683.662097428753
11685.183220493653
11686.439959978077
11686.596979916003
11686.849534088893
11687.041937353202
11692.467915108127
11692.664054229217
11692.75655660174
11695.317026777762
11697.042648447466
11698.66867537832
11702.039313555184
11702.271149347356
11704.756357481894
11708.164492848622
11708.221471023327
11709.36468037206
11710.438316192667
11711.617477115813
11714.749100408024
11718.089141130804
11719.143106503476
11724.608164350886
11724.795886693815
11727.022178566463
11727.948613840195
11728.267583127943
11729.039165964025
11729.077443201542
11729.304568754676
11730.41316367589
11731.559971439834
11732.209443790774
11733.248605270983
11733.50529228968
11733.605107780259
11734.051008027243
11734.704125287468
11736.130513988188
11736.343013135865
11740.120139593078
11742.775678722823
11743.49561779072
11746.769677539354
11746.838803347522
11747.811145177766
11747.894148653933
11747.988074152783
11748.05666885448
11748.136170133408
11748.224938835705
11749.785588082925
11750.572510964032
11751.084583043277
11751.284435691387
11752.56068230905
11754.057737151354
11757.341853407046
11758.952100572988
11762.659174677967
11763.472009769821
11765.750893539845
11765.888062005371
11770.803865573267
11772.025248834509
11773.126060669758
11777.781280328052
11779.850915632385
11782.154446226788
11786.094078433749
11794.501585034119
11797.764893702939
11804.338308355213
11811.418331705823
11811.77400603577
11817.291168776292
11817.733269908269
11818.69592945259
11819.51725220688
11819.557753856507
11819.763356343354
11820.528037075266
11820.567741794568
11820.824584063586
11827.583179887662
11831.21229556832
11831.592118667153
11833.898729307435
11833.924791036676
11844.205158299977
11845.737488064204
11845.808913416759
11845.888674171007
11846.028292774145
11854.933522339963
11855.031484300127
11855.15641392658
11855.270635977193
11855.47688458187
11860.525231213322
11860.608112700134
11860.692418161261
11860.805436248458
11860.890872503507
11860.976881150324
11865.889839439762
11867.771771569323
11867.937016193324
11870.45567781703
11876.956917450796
11877.221031504569
11877.639472813946
11878.148296503732
11881.084896216715
11881.494726055917
11881.560846353519
11881.772651686693
11882.437721950782
11882.534723783156
11884.0664085483
11888.614115875078
11888.961398800435
11897.160986012164
11897.50908023798
11897.780358721344
11898.23258782244
11898.559934694526
11898.8340208761
11899.45156801784
11899.722366381102
11900.826878116888
11901.05125538868
11906.173028574633
11907.36210919063
11907.519479653474
11908.421843259783
11912.134820442117
11914.035311269867
11914.866468716991
11914.961862716644
11915.047139125923
11917.66722389933
11918.452549716625
11922.816433572043
11923.859637626507
11924.960695462541
11926.163043632961
11929.067981207143
11930.69965690235
11933.803664339926
11935.022832231456
11935.913292760099
11937.09268730827
11937.816678216055
11937.952092949034
11941.48137353951
11943.056122261389
11944.755587116158
11946.35556017296
11950.423982386255
11950.714364817959
11953.995273948263
11954.778910432044
11955.67233272803
11956.519555935325
11957.720757075534
11963.159862607483
11972.390937099617
11972.524824423577
11972.642161865622
11973.35198767965
11973.499684585984
11974.58064931093
11976.979814667093
11977.14485640508
11978.238748978716
11978.654106151742
11980.061358265843
11981.591769122137
11983.138157202562
11984.831196408975
11985.03853339987
11988.419698077023
11989.135634150329
11991.135418395113
11993.004351896196
11996.886645234586
11998.52578035812
